Curveplot
LS-DYNA keyword deck by LS-PrePost                          
Time
Pressure
Defined Connection
Pressure @ 100 #pts=1745
* Minval=     9.9715562500e+04 at time=         0.0178782810
* Maxval=     1.6412021875e+05 at time=         0.0084908353
    0.0000000000e+00    9.9998710938e+04
    3.3812357287e-05    9.9998710938e+04
    6.1326652940e-05    9.9996617188e+04
    8.9102875791e-05    1.0000127344e+05
    1.1682785407e-04    9.9996960938e+04
    1.4461828687e-04    9.9997242188e+04
    1.7236733402e-04    1.0000685156e+05
    2.0016246708e-04    1.0000066406e+05
    2.2795486439e-04    9.9998804688e+04
    2.5574557367e-04    9.9999226562e+04
    2.8353667585e-04    1.0000182031e+05
    3.1133697485e-04    1.0000190625e+05
    3.3912662184e-04    9.9999539062e+04
    3.6691734567e-04    1.0000172656e+05
    3.9470891352e-04    9.9999343750e+04
    4.2249175021e-04    9.9999164062e+04
    4.5027161832e-04    1.0000140625e+05
    4.7804549104e-04    1.0000155469e+05
    5.0581363030e-04    1.0000288281e+05
    5.3357944125e-04    9.9999460938e+04
    5.6134146871e-04    9.9999257812e+04
    5.8909942163e-04    9.9999007812e+04
    6.1685312539e-04    9.9998726562e+04
    6.4460188150e-04    9.9998398438e+04
    6.7234638846e-04    9.9999585938e+04
    7.0008635521e-04    1.0000090625e+05
    7.2782178177e-04    1.0000125781e+05
    7.5555208605e-04    1.0000168750e+05
    7.8327720985e-04    1.0000191406e+05
    8.1099680392e-04    9.9999601562e+04
    8.3871174138e-04    9.9997257812e+04
    8.6642213864e-04    1.0000158594e+05
    8.9412782108e-04    1.0000267969e+05
    9.2182843946e-04    9.9999226562e+04
    9.4952445943e-04    1.0000015625e+05
    9.7721535712e-04    9.9999976562e+04
    1.0049008997e-03    1.0000316406e+05
    1.0325826006e-03    9.9998531250e+04
    1.0602590628e-03    9.9998710938e+04
    1.0879321489e-03    1.0000150000e+05
    1.1155996472e-03    1.0000437500e+05
    1.1432634201e-03    9.9999695312e+04
    1.1709230021e-03    9.9992031250e+04
    1.1985785095e-03    9.9991289062e+04
    1.2262313394e-03    9.9998132812e+04
    1.2538790470e-03    1.0000328906e+05
    1.2815232622e-03    1.0001127344e+05
    1.3091630535e-03    1.0000388281e+05
    1.3368004002e-03    1.0000566406e+05
    1.3644339051e-03    1.0001471094e+05
    1.3920635683e-03    1.0002710156e+05
    1.4196902048e-03    1.0005242969e+05
    1.4473132323e-03    1.0009846875e+05
    1.4749332331e-03    1.0018438281e+05
    1.5025498578e-03    1.0032628125e+05
    1.5301633393e-03    1.0051866406e+05
    1.5577742597e-03    1.0077985156e+05
    1.5853822697e-03    1.0109985156e+05
    1.6129877185e-03    1.0146285156e+05
    1.6405890929e-03    1.0186247656e+05
    1.6681876732e-03    1.0224994531e+05
    1.6957829939e-03    1.0259902344e+05
    1.7233766848e-03    1.0287514844e+05
    1.7509678146e-03    1.0305106250e+05
    1.7785291420e-03    1.0313544531e+05
    1.8060547300e-03    1.0314146094e+05
    1.8335470231e-03    1.0305535156e+05
    1.8610082334e-03    1.0291400000e+05
    1.8884401070e-03    1.0274789844e+05
    1.9158447394e-03    1.0258243750e+05
    1.9432241097e-03    1.0241393750e+05
    1.9705800805e-03    1.0229244531e+05
    1.9979148638e-03    1.0222197656e+05
    2.0252298564e-03    1.0219250000e+05
    2.0525271539e-03    1.0221557031e+05
    2.0798076876e-03    1.0227396875e+05
    2.1070730872e-03    1.0234527344e+05
    2.1343247499e-03    1.0241922656e+05
    2.1615643054e-03    1.0248215625e+05
    2.1887931507e-03    1.0252374219e+05
    2.2160108201e-03    1.0254086719e+05
    2.2432196420e-03    1.0254181250e+05
    2.2704207804e-03    1.0251734375e+05
    2.2976147011e-03    1.0247946875e+05
    2.3248014040e-03    1.0243668750e+05
    2.3519827519e-03    1.0241224219e+05
    2.3791582789e-03    1.0239708594e+05
    2.4063293822e-03    1.0238913281e+05
    2.4334960617e-03    1.0238671094e+05
    2.4606597144e-03    1.0239696094e+05
    2.4878205732e-03    1.0240625781e+05
    2.5149781723e-03    1.0242525781e+05
    2.5421329774e-03    1.0244113281e+05
    2.5692859199e-03    1.0244753906e+05
    2.5964374654e-03    1.0245096094e+05
    2.6235871483e-03    1.0244909375e+05
    2.6507352013e-03    1.0243847656e+05
    2.6778825559e-03    1.0242661719e+05
    2.7050296776e-03    1.0241941406e+05
    2.7321761008e-03    1.0241772656e+05
    2.7593218256e-03    1.0241415625e+05
    2.7864677832e-03    1.0241865625e+05
    2.8136142064e-03    1.0242330469e+05
    2.8407603968e-03    1.0243569531e+05
    2.8679079842e-03    1.0244158594e+05
    2.8950548731e-03    1.0246234375e+05
    2.9222022276e-03    1.0248572656e+05
    2.9493502807e-03    1.0252253906e+05
    2.9764990322e-03    1.0257600000e+05
    3.0036487151e-03    1.0263978906e+05
    3.0307997949e-03    1.0272013281e+05
    3.0579508748e-03    1.0281010156e+05
    3.0851035845e-03    1.0292032031e+05
    3.1122572254e-03    1.0302587500e+05
    3.1394117977e-03    1.0311810156e+05
    3.1665677670e-03    1.0320392969e+05
    3.1937246677e-03    1.0326047656e+05
    3.2208829653e-03    1.0330152344e+05
    3.2480424270e-03    1.0330541406e+05
    3.2752046827e-03    1.0329058594e+05
    3.2952371985e-03    1.0325358594e+05
    3.3145032357e-03    1.0322633594e+05
    3.3336398192e-03    1.0318571875e+05
    3.3528339118e-03    1.0314821094e+05
    3.3720366191e-03    1.0309783594e+05
    3.3912549261e-03    1.0306031250e+05
    3.4104890656e-03    1.0302030469e+05
    3.4297339153e-03    1.0297347656e+05
    3.4486323129e-03    1.0293060156e+05
    3.4671388566e-03    1.0288964844e+05
    3.4854323603e-03    1.0283217969e+05
    3.5036695190e-03    1.0277060156e+05
    3.5219141282e-03    1.0270835156e+05
    3.5401545465e-03    1.0263597656e+05
    3.5583588760e-03    1.0256103906e+05
    3.5765271168e-03    1.0249317969e+05
    3.5946895368e-03    1.0243243750e+05
    3.6139658187e-03    1.0237640625e+05
    3.6330535077e-03    1.0232546094e+05
    3.6521453876e-03    1.0228236719e+05
    3.6699753255e-03    1.0225333594e+05
    3.6875614896e-03    1.0222663281e+05
    3.7050142419e-03    1.0220443750e+05
    3.7224807311e-03    1.0218909375e+05
    3.7400643341e-03    1.0217714844e+05
    3.7577797193e-03    1.0216524219e+05
    3.7755726371e-03    1.0215090625e+05
    3.7933769636e-03    1.0214332031e+05
    3.8111612666e-03    1.0213896094e+05
    3.8289318327e-03    1.0213500000e+05
    3.8467168342e-03    1.0212558594e+05
    3.8645383902e-03    1.0212300000e+05
    3.8824023213e-03    1.0211678906e+05
    3.9002960548e-03    1.0210406250e+05
    3.9182156324e-03    1.0209157031e+05
    3.9361710660e-03    1.0207452344e+05
    3.9541716687e-03    1.0205283594e+05
    3.9733103476e-03    1.0203212500e+05
    3.9924201556e-03    1.0201465625e+05
    4.0104058571e-03    1.0199639844e+05
    4.0284004062e-03    1.0198708594e+05
    4.0464363992e-03    1.0198327344e+05
    4.0656095371e-03    1.0197824219e+05
    4.0847789496e-03    1.0196485156e+05
    4.1039343923e-03    1.0196118750e+05
    4.1219722480e-03    1.0195799219e+05
    4.1400394402e-03    1.0194639844e+05
    4.1591953486e-03    1.0194218750e+05
    4.1784178466e-03    1.0193371094e+05
    4.1976389475e-03    1.0192290625e+05
    4.2168586515e-03    1.0192138281e+05
    4.2360713705e-03    1.0190853906e+05
    4.2552771047e-03    1.0189780469e+05
    4.2744791135e-03    1.0188671875e+05
    4.2936825193e-03    1.0187882031e+05
    4.3128933758e-03    1.0186809375e+05
    4.3321144767e-03    1.0185178906e+05
    4.3513495475e-03    1.0183657031e+05
    4.3705995195e-03    1.0182100000e+05
    4.3898657896e-03    1.0180569531e+05
    4.4091497548e-03    1.0178100000e+05
    4.4284537435e-03    1.0175272656e+05
    4.4477786869e-03    1.0172010156e+05
    4.4671236537e-03    1.0167200000e+05
    4.4864914380e-03    1.0161881250e+05
    4.5058806427e-03    1.0155563281e+05
    4.5252908021e-03    1.0148319531e+05
    4.5447219163e-03    1.0140472656e+05
    4.5641721226e-03    1.0131989844e+05
    4.5836409554e-03    1.0121721094e+05
    4.6031279489e-03    1.0110496094e+05
    4.6226321720e-03    1.0098643750e+05
    4.6421540901e-03    1.0086080469e+05
    4.6616927721e-03    1.0073812500e+05
    4.6812482178e-03    1.0061399219e+05
    4.7008208930e-03    1.0050561719e+05
    4.7204112634e-03    1.0039652344e+05
    4.7400193289e-03    1.0030802344e+05
    4.7596455552e-03    1.0023549219e+05
    4.7792894766e-03    1.0018864844e+05
    4.7989510931e-03    1.0015858594e+05
    4.8186304048e-03    1.0014134375e+05
    4.8383255489e-03    1.0015389844e+05
    4.8580355942e-03    1.0018333594e+05
    4.8777610064e-03    1.0022517969e+05
    4.8975008540e-03    1.0028110156e+05
    4.9172551371e-03    1.0034480469e+05
    4.9370229244e-03    1.0041192969e+05
    4.9568060786e-03    1.0047561719e+05
    4.9766036682e-03    1.0052889844e+05
    4.9964170903e-03    1.0057668750e+05
    5.0162458792e-03    1.0061296094e+05
    5.0360900350e-03    1.0064458594e+05
    5.0559476949e-03    1.0066502344e+05
    5.0758207217e-03    1.0067952344e+05
    5.0957072526e-03    1.0068702344e+05
    5.1156077534e-03    1.0067641406e+05
    5.1355226897e-03    1.0066421094e+05
    5.1554525271e-03    1.0064227344e+05
    5.1753963344e-03    1.0062771875e+05
    5.1953555085e-03    1.0061260156e+05
    5.2153295837e-03    1.0059796094e+05
    5.2353194915e-03    1.0058922656e+05
    5.2553247660e-03    1.0057982031e+05
    5.2753463387e-03    1.0057568750e+05
    5.2953832783e-03    1.0057578125e+05
    5.3154369816e-03    1.0057896094e+05
    5.3355065174e-03    1.0058396875e+05
    5.3555918857e-03    1.0059277344e+05
    5.3756926209e-03    1.0060074219e+05
    5.3958082572e-03    1.0061871094e+05
    5.4159392603e-03    1.0062815625e+05
    5.4360851645e-03    1.0063846094e+05
    5.4562464356e-03    1.0065055469e+05
    5.4764230736e-03    1.0065603125e+05
    5.4966160096e-03    1.0066047656e+05
    5.5168238468e-03    1.0066275781e+05
    5.5370470509e-03    1.0066447656e+05
    5.5572865531e-03    1.0066457031e+05
    5.5775423534e-03    1.0067352344e+05
    5.5978130549e-03    1.0067335156e+05
    5.6181000546e-03    1.0067071094e+05
    5.6384028867e-03    1.0067358594e+05
    5.6587206200e-03    1.0067414844e+05
    5.6790532544e-03    1.0067633594e+05
    5.6994007900e-03    1.0067806250e+05
    5.7197632268e-03    1.0068247656e+05
    5.7401410304e-03    1.0068608594e+05
    5.7605337352e-03    1.0069217969e+05
    5.7809422724e-03    1.0069371875e+05
    5.8013652451e-03    1.0069512500e+05
    5.8218040504e-03    1.0070114844e+05
    5.8422577567e-03    1.0070497656e+05
    5.8627268299e-03    1.0071097656e+05
    5.8832112700e-03    1.0071960156e+05
    5.9037101455e-03    1.0072489844e+05
    5.9242248535e-03    1.0072310156e+05
    5.9447535314e-03    1.0072457031e+05
    5.9641525149e-03    1.0073528906e+05
    5.9830932878e-03    1.0073942969e+05
    6.0020405799e-03    1.0074389844e+05
    6.0210367665e-03    1.0075216406e+05
    6.0400799848e-03    1.0076747656e+05
    6.0591096990e-03    1.0076814844e+05
    6.0781282373e-03    1.0077318750e+05
    6.0972142965e-03    1.0077916406e+05
    6.1162756756e-03    1.0078397656e+05
    6.1353649944e-03    1.0078766406e+05
    6.1544459313e-03    1.0079271094e+05
    6.1734300107e-03    1.0080939844e+05
    6.1924448237e-03    1.0081489844e+05
    6.2115197070e-03    1.0081927344e+05
    6.2306127511e-03    1.0082953906e+05
    6.2497169711e-03    1.0084147656e+05
    6.2688281760e-03    1.0085730469e+05
    6.2879407778e-03    1.0086466406e+05
    6.3070552424e-03    1.0088189844e+05
    6.3261794858e-03    1.0089296094e+05
    6.3453060575e-03    1.0090910156e+05
    6.3644465990e-03    1.0092822656e+05
    6.3835908659e-03    1.0094602344e+05
    6.4027444459e-03    1.0096017969e+05
    6.4219115302e-03    1.0098214844e+05
    6.4410855994e-03    1.0100719531e+05
    6.4602680504e-03    1.0102815625e+05
    6.4794607460e-03    1.0104222656e+05
    6.4986641519e-03    1.0104682031e+05
    6.5178787336e-03    1.0106228906e+05
    6.5371058881e-03    1.0106817969e+05
    6.5563363023e-03    1.0108272656e+05
    6.5755699761e-03    1.0109010156e+05
    6.5948092379e-03    1.0109933594e+05
    6.6140629351e-03    1.0110809375e+05
    6.6333152354e-03    1.0111414844e+05
    6.6525745206e-03    1.0111764844e+05
    6.6718445159e-03    1.0113483594e+05
    6.6911154427e-03    1.0114793750e+05
    6.7104012705e-03    1.0116746094e+05
    6.7296870984e-03    1.0119515625e+05
    6.7489854991e-03    1.0123025000e+05
    6.7682852969e-03    1.0126507031e+05
    6.7875892855e-03    1.0130091406e+05
    6.8069072440e-03    1.0134353906e+05
    6.8262196146e-03    1.0139194531e+05
    6.8455408327e-03    1.0143594531e+05
    6.8648783490e-03    1.0148438281e+05
    6.8842126057e-03    1.0153482031e+05
    6.9035501219e-03    1.0158492969e+05
    6.9228983484e-03    1.0163225781e+05
    6.9422605447e-03    1.0168683594e+05
    6.9616222754e-03    1.0173114844e+05
    6.9809844717e-03    1.0177630469e+05
    7.0003494620e-03    1.0181357031e+05
    7.0197195746e-03    1.0185146094e+05
    7.0390999317e-03    1.0186936719e+05
    7.0584909990e-03    1.0188336719e+05
    7.0778946392e-03    1.0187921875e+05
    7.0973108523e-03    1.0186866406e+05
    7.1167377755e-03    1.0185139844e+05
    7.1361698210e-03    1.0181972656e+05
    7.1556069888e-03    1.0177767969e+05
    7.1750483476e-03    1.0172099219e+05
    7.1944966912e-03    1.0165135156e+05
    7.2139529511e-03    1.0156452344e+05
    7.2334166616e-03    1.0147085156e+05
    7.2528840974e-03    1.0136221094e+05
    7.2723543271e-03    1.0125500000e+05
    7.2918278165e-03    1.0114412500e+05
    7.3113050312e-03    1.0103350000e+05
    7.3307845742e-03    1.0091821094e+05
    7.3502692394e-03    1.0080219531e+05
    7.3697618209e-03    1.0069346094e+05
    7.3892641813e-03    1.0059319531e+05
    7.4087800458e-03    1.0050619531e+05
    7.4282912537e-03    1.0042714844e+05
    7.4477996677e-03    1.0036338281e+05
    7.4673094787e-03    1.0031530469e+05
    7.4868267402e-03    1.0028222656e+05
    7.5063589029e-03    1.0026450000e+05
    7.5258887373e-03    1.0026368750e+05
    7.5454111211e-03    1.0028580469e+05
    7.5649353676e-03    1.0032552344e+05
    7.5844703242e-03    1.0038237500e+05
    7.6040057465e-03    1.0045600000e+05
    7.6235276647e-03    1.0054241406e+05
    7.6430505142e-03    1.0064135156e+05
    7.6625877991e-03    1.0075828906e+05
    7.6821087860e-03    1.0088121094e+05
    7.7016241848e-03    1.0101440625e+05
    7.7211544849e-03    1.0114733594e+05
    7.7406810597e-03    1.0127928906e+05
    7.7602043748e-03    1.0141243750e+05
    7.7797495760e-03    1.0153269531e+05
    7.7992938459e-03    1.0163765625e+05
    7.8188432381e-03    1.0173163281e+05
    7.8384252265e-03    1.0180433594e+05
    7.8580006957e-03    1.0186428125e+05
    7.8775910661e-03    1.0190053125e+05
    7.8972103074e-03    1.0191753906e+05
    7.9168286175e-03    1.0191878125e+05
    7.9364804551e-03    1.0189928906e+05
    7.9561360180e-03    1.0186353906e+05
    7.9758102074e-03    1.0180938281e+05
    7.9955114052e-03    1.0174433594e+05
    8.0152126029e-03    1.0166744531e+05
    8.0349491909e-03    1.0158816406e+05
    8.0546662211e-03    1.0151080469e+05
    8.0743944272e-03    1.0143375781e+05
    8.0941170454e-03    1.0135969531e+05
    8.1138620153e-03    1.0129278906e+05
    8.1336386502e-03    1.0123792969e+05
    8.1534720957e-03    1.0119233594e+05
    8.1733558327e-03    1.0116353906e+05
    8.1932730973e-03    1.0116239844e+05
    8.2132071257e-03    1.0120691406e+05
    8.2330890000e-03    1.0133362500e+05
    8.2529615611e-03    1.0159803906e+05
    8.2727763802e-03    1.0210391406e+05
    8.2926023751e-03    1.0305011719e+05
    8.3124246448e-03    1.0475841406e+05
    8.3322748542e-03    1.0768228125e+05
    8.3521194756e-03    1.1235659375e+05
    8.3719678223e-03    1.1915808594e+05
    8.3917891607e-03    1.2804342969e+05
    8.4116021171e-03    1.3820556250e+05
    8.4314141423e-03    1.4820628125e+05
    8.4512168542e-03    1.5643387500e+05
    8.4710381925e-03    1.6180043750e+05
    8.4908353165e-03    1.6412021875e+05
    8.5106678307e-03    1.6399532812e+05
    8.5304882377e-03    1.6236403125e+05
    8.5503393784e-03    1.6014389062e+05
    8.5699046031e-03    1.5804442188e+05
    8.5892248899e-03    1.5641362500e+05
    8.6083402857e-03    1.5521839062e+05
    8.6272666231e-03    1.5431553125e+05
    8.6460309103e-03    1.5348435938e+05
    8.6646731943e-03    1.5253665625e+05
    8.6832325906e-03    1.5137807812e+05
    8.7017398328e-03    1.4997503125e+05
    8.7202098221e-03    1.4837493750e+05
    8.7386453524e-03    1.4667445312e+05
    8.7570473552e-03    1.4495304688e+05
    8.7753897533e-03    1.4328867188e+05
    8.7936492637e-03    1.4174439062e+05
    8.8118780404e-03    1.4032840625e+05
    8.8300397620e-03    1.3902704688e+05
    8.8481390849e-03    1.3783184375e+05
    8.8662039489e-03    1.3670725000e+05
    8.8842641562e-03    1.3562906250e+05
    8.9023411274e-03    1.3457825000e+05
    8.9204348624e-03    1.3354668750e+05
    8.9385388419e-03    1.3253820312e+05
    8.9566456154e-03    1.3156190625e+05
    8.9747514576e-03    1.3062871875e+05
    8.9928600937e-03    1.2973986719e+05
    9.0109808370e-03    1.2890418750e+05
    9.0291155502e-03    1.2813810156e+05
    9.0472688898e-03    1.2742927344e+05
    9.0654399246e-03    1.2677631250e+05
    9.0836230665e-03    1.2616734375e+05
    9.1018192470e-03    1.2558500000e+05
    9.1200266033e-03    1.2503062500e+05
    9.1382460669e-03    1.2449010156e+05
    9.1564757749e-03    1.2396555469e+05
    9.1747231781e-03    1.2344789844e+05
    9.1929892078e-03    1.2294085156e+05
    9.2112747952e-03    1.2246590625e+05
    9.2295790091e-03    1.2200375781e+05
    9.2479009181e-03    1.2156011719e+05
    9.2662386596e-03    1.2113877344e+05
    9.2845931649e-03    1.2074159375e+05
    9.3029672280e-03    1.2035747656e+05
    9.3213599175e-03    1.1998991406e+05
    9.3397712335e-03    1.1963821094e+05
    9.3582011759e-03    1.1930234375e+05
    9.3766497448e-03    1.1898353906e+05
    9.3951150775e-03    1.1867539844e+05
    9.4135999680e-03    1.1837972656e+05
    9.4321016222e-03    1.1809669531e+05
    9.4506228343e-03    1.1783347656e+05
    9.4691645354e-03    1.1758536719e+05
    9.4877239317e-03    1.1733915625e+05
    9.5063010231e-03    1.1711140625e+05
    9.5248948783e-03    1.1689755469e+05
    9.5435054973e-03    1.1668631250e+05
    9.5621328801e-03    1.1648291406e+05
    9.5807760954e-03    1.1628653906e+05
    9.5994332805e-03    1.1608466406e+05
    9.6181081608e-03    1.1589580469e+05
    9.6367979422e-03    1.1570625781e+05
    9.6555035561e-03    1.1552761719e+05
    9.6742231399e-03    1.1535017969e+05
    9.6929576248e-03    1.1517892969e+05
    9.7117051482e-03    1.1502196094e+05
    9.7304685041e-03    1.1487062500e+05
    9.7492448986e-03    1.1472550000e+05
    9.7680361941e-03    1.1459353125e+05
    9.7868405282e-03    1.1446687500e+05
    9.8056588322e-03    1.1434552344e+05
    9.8244920373e-03    1.1422602344e+05
    9.8433364183e-03    1.1411196094e+05
    9.8621929064e-03    1.1399847656e+05
    9.8810633644e-03    1.1388225000e+05
    9.8999459296e-03    1.1376811719e+05
    9.9188406020e-03    1.1366202344e+05
    9.9377483130e-03    1.1355232031e+05
    9.9566690624e-03    1.1344437500e+05
    9.9756028503e-03    1.1334244531e+05
    9.9945487455e-03    1.1324527344e+05
    1.0013507679e-02    1.1314994531e+05
    1.0032479651e-02    1.1305228906e+05
    1.0051463731e-02    1.1295500781e+05
    1.0070459917e-02    1.1286015625e+05
    1.0089469142e-02    1.1275894531e+05
    1.0108492337e-02    1.1264777344e+05
    1.0127528571e-02    1.1253702344e+05
    1.0146577843e-02    1.1241894531e+05
    1.0165639222e-02    1.1230532031e+05
    1.0184712708e-02    1.1218864844e+05
    1.0203798302e-02    1.1206372656e+05
    1.0222896002e-02    1.1194722656e+05
    1.0242006741e-02    1.1183110156e+05
    1.0261129588e-02    1.1171102344e+05
    1.0280264542e-02    1.1159565625e+05
    1.0299413465e-02    1.1148447656e+05
    1.0318575427e-02    1.1138253906e+05
    1.0337748565e-02    1.1128535156e+05
    1.0356934741e-02    1.1120903906e+05
    1.0376133956e-02    1.1113846875e+05
    1.0395346209e-02    1.1108091406e+05
    1.0414571501e-02    1.1103630469e+05
    1.0433809832e-02    1.1100135156e+05
    1.0453061201e-02    1.1096883594e+05
    1.0472324677e-02    1.1094590625e+05
    1.0491601191e-02    1.1092674219e+05
    1.0510892607e-02    1.1090366406e+05
    1.0530196130e-02    1.1088484375e+05
    1.0549513623e-02    1.1086216406e+05
    1.0568842292e-02    1.1083478125e+05
    1.0588183999e-02    1.1080177344e+05
    1.0607538745e-02    1.1075875000e+05
    1.0626907460e-02    1.1071097656e+05
    1.0646289214e-02    1.1065765625e+05
    1.0665684007e-02    1.1059235156e+05
    1.0685092770e-02    1.1052117969e+05
    1.0704516433e-02    1.1045247656e+05
    1.0723951273e-02    1.1037910156e+05
    1.0743400082e-02    1.1031375781e+05
    1.0762862861e-02    1.1024810156e+05
    1.0782338679e-02    1.1019371875e+05
    1.0801829398e-02    1.1014163281e+05
    1.0821334086e-02    1.1009340625e+05
    1.0840852745e-02    1.1005171094e+05
    1.0860386305e-02    1.1001044531e+05
    1.0879932903e-02    1.0997675000e+05
    1.0899493471e-02    1.0993778906e+05
    1.0919069871e-02    1.0989871094e+05
    1.0938662104e-02    1.0985887500e+05
    1.0958270170e-02    1.0981721875e+05
    1.0977892205e-02    1.0976889844e+05
    1.0997531936e-02    1.0972124219e+05
    1.1017187499e-02    1.0967160156e+05
    1.1036860757e-02    1.0962224219e+05
    1.1056551710e-02    1.0956647656e+05
    1.1076259427e-02    1.0951459375e+05
    1.1095987633e-02    1.0945646094e+05
    1.1115733534e-02    1.0939515625e+05
    1.1135498993e-02    1.0933737500e+05
    1.1155283079e-02    1.0927827344e+05
    1.1175086722e-02    1.0922378125e+05
    1.1194912717e-02    1.0916796094e+05
    1.1214758269e-02    1.0911155469e+05
    1.1234625243e-02    1.0905961719e+05
    1.1254511774e-02    1.0900789844e+05
    1.1274418794e-02    1.0895469531e+05
    1.1294347234e-02    1.0889964844e+05
    1.1314296164e-02    1.0885191406e+05
    1.1334266514e-02    1.0880052344e+05
    1.1354257353e-02    1.0875066406e+05
    1.1374268681e-02    1.0870253125e+05
    1.1394302361e-02    1.0865377344e+05
    1.1414355598e-02    1.0859839844e+05
    1.1434430256e-02    1.0853861719e+05
    1.1454525404e-02    1.0847557031e+05
    1.1474640109e-02    1.0840967969e+05
    1.1494777165e-02    1.0834108594e+05
    1.1514934711e-02    1.0826660156e+05
    1.1535113677e-02    1.0819803906e+05
    1.1555313133e-02    1.0811571094e+05
    1.1575534008e-02    1.0803680469e+05
    1.1595774442e-02    1.0795600000e+05
    1.1616035365e-02    1.0787556250e+05
    1.1636316776e-02    1.0780199219e+05
    1.1656619608e-02    1.0772378125e+05
    1.1676942930e-02    1.0765825000e+05
    1.1697287671e-02    1.0759496875e+05
    1.1717652902e-02    1.0753735156e+05
    1.1738038622e-02    1.0748097656e+05
    1.1758443899e-02    1.0743477344e+05
    1.1778870597e-02    1.0738907031e+05
    1.1799318716e-02    1.0734303906e+05
    1.1819788255e-02    1.0730269531e+05
    1.1840280145e-02    1.0726900781e+05
    1.1860790662e-02    1.0723578125e+05
    1.1881321669e-02    1.0719921094e+05
    1.1901874095e-02    1.0716147656e+05
    1.1922447011e-02    1.0712446094e+05
    1.1943042278e-02    1.0707232031e+05
    1.1963658035e-02    1.0701440625e+05
    1.1984295212e-02    1.0695989844e+05
    1.2004952878e-02    1.0690921094e+05
    1.2025631964e-02    1.0684855469e+05
    1.2046331540e-02    1.0679587500e+05
    1.2067052536e-02    1.0674187500e+05
    1.2087795883e-02    1.0668755469e+05
    1.2108558789e-02    1.0662877344e+05
    1.2129344046e-02    1.0657343750e+05
    1.2150149792e-02    1.0651902344e+05
    1.2170976959e-02    1.0646242969e+05
    1.2191825546e-02    1.0640477344e+05
    1.2212695554e-02    1.0635685156e+05
    1.2233586982e-02    1.0630835156e+05
    1.2254500762e-02    1.0625600781e+05
    1.2275436893e-02    1.0621653125e+05
    1.2296394445e-02    1.0617802344e+05
    1.2317374349e-02    1.0613997656e+05
    1.2338375673e-02    1.0610128125e+05
    1.2359398417e-02    1.0606327344e+05
    1.2380442582e-02    1.0603138281e+05
    1.2401508167e-02    1.0599199219e+05
    1.2422595173e-02    1.0596314844e+05
    1.2443703599e-02    1.0592207031e+05
    1.2464834377e-02    1.0588210156e+05
    1.2485986575e-02    1.0583147656e+05
    1.2507158332e-02    1.0576564844e+05
    1.2528351508e-02    1.0568739844e+05
    1.2549565174e-02    1.0560850781e+05
    1.2570801191e-02    1.0552102344e+05
    1.2592058629e-02    1.0542432031e+05
    1.2613337487e-02    1.0532114844e+05
    1.2634636834e-02    1.0520759375e+05
    1.2655957602e-02    1.0508891406e+05
    1.2677297927e-02    1.0497557031e+05
    1.2698660605e-02    1.0486710156e+05
    1.2720043771e-02    1.0477707031e+05
    1.2741449289e-02    1.0469100781e+05
    1.2762876227e-02    1.0461708594e+05
    1.2784325518e-02    1.0456165625e+05
    1.2805794366e-02    1.0451185156e+05
    1.2827285565e-02    1.0447725781e+05
    1.2848797254e-02    1.0445656250e+05
    1.2870330364e-02    1.0444222656e+05
    1.2891885825e-02    1.0443182031e+05
    1.2913462706e-02    1.0442618750e+05
    1.2935061008e-02    1.0441158594e+05
    1.2956679799e-02    1.0440111719e+05
    1.2978320010e-02    1.0437416406e+05
    1.2999981642e-02    1.0434577344e+05
    1.3021663763e-02    1.0430787500e+05
    1.3043368235e-02    1.0425771094e+05
    1.3065092266e-02    1.0420394531e+05
    1.3086837716e-02    1.0414922656e+05
    1.3108605519e-02    1.0410139844e+05
    1.3130392879e-02    1.0404887500e+05
    1.3152201660e-02    1.0400711719e+05
    1.3174032792e-02    1.0397315625e+05
    1.3195885345e-02    1.0394261719e+05
    1.3217759319e-02    1.0390746094e+05
    1.3239653781e-02    1.0387953906e+05
    1.3261569664e-02    1.0385489844e+05
    1.3283506967e-02    1.0382490625e+05
    1.3305463828e-02    1.0379238281e+05
    1.3327440247e-02    1.0376028906e+05
    1.3349435292e-02    1.0372959375e+05
    1.3371448033e-02    1.0370175000e+05
    1.3393475674e-02    1.0367100781e+05
    1.3415516354e-02    1.0364488281e+05
    1.3437564485e-02    1.0361697656e+05
    1.3459613547e-02    1.0358967969e+05
    1.3481658883e-02    1.0356275000e+05
    1.3503690250e-02    1.0353833594e+05
    1.3525702059e-02    1.0350496875e+05
    1.3547683135e-02    1.0347467969e+05
    1.3569628820e-02    1.0344453125e+05
    1.3591531664e-02    1.0341592969e+05
    1.3613392599e-02    1.0338889844e+05
    1.3635210693e-02    1.0336106250e+05
    1.3656994328e-02    1.0333983594e+05
    1.3678749092e-02    1.0332310156e+05
    1.3700488023e-02    1.0332434375e+05
    1.3722228818e-02    1.0335308594e+05
    1.3743981719e-02    1.0342247656e+05
    1.3765762560e-02    1.0354139844e+05
    1.3787578791e-02    1.0373096094e+05
    1.3809437864e-02    1.0398899219e+05
    1.3831341639e-02    1.0435355469e+05
    1.3853288256e-02    1.0481814844e+05
    1.3875273056e-02    1.0539853906e+05
    1.3897285797e-02    1.0610397656e+05
    1.3919321820e-02    1.0692072656e+05
    1.3941374607e-02    1.0782468750e+05
    1.3963440433e-02    1.0876214844e+05
    1.3985517435e-02    1.0968219531e+05
    1.4007603750e-02    1.1051956250e+05
    1.4029704034e-02    1.1120971094e+05
    1.4051820152e-02    1.1170463281e+05
    1.4073957689e-02    1.1196641406e+05
    1.4096121304e-02    1.1199689844e+05
    1.4118315652e-02    1.1180442969e+05
    1.4140545391e-02    1.1141153125e+05
    1.4162814245e-02    1.1086469531e+05
    1.4185124077e-02    1.1020299219e+05
    1.4207473956e-02    1.0948927344e+05
    1.4229862019e-02    1.0877118750e+05
    1.4252286404e-02    1.0809457031e+05
    1.4274741523e-02    1.0750200781e+05
    1.4297228307e-02    1.0700908594e+05
    1.4319745824e-02    1.0662653125e+05
    1.4342290349e-02    1.0633562500e+05
    1.4364863746e-02    1.0609996094e+05
    1.4387467876e-02    1.0587896875e+05
    1.4410103671e-02    1.0564141406e+05
    1.4432771131e-02    1.0535903906e+05
    1.4455472119e-02    1.0502192969e+05
    1.4478209428e-02    1.0462599219e+05
    1.4500979334e-02    1.0417358594e+05
    1.4523783699e-02    1.0369227344e+05
    1.4546621591e-02    1.0320046875e+05
    1.4569494873e-02    1.0272665625e+05
    1.4592399821e-02    1.0229696875e+05
    1.4615339227e-02    1.0193171875e+05
    1.4638305642e-02    1.0163641406e+05
    1.4661304653e-02    1.0142465625e+05
    1.4684336260e-02    1.0128010156e+05
    1.4707398601e-02    1.0120746875e+05
    1.4730494469e-02    1.0119491406e+05
    1.4753622934e-02    1.0121846094e+05
    1.4776783995e-02    1.0127596875e+05
    1.4799979515e-02    1.0134591406e+05
    1.4823205769e-02    1.0141558594e+05
    1.4846466482e-02    1.0148235156e+05
    1.4869757928e-02    1.0153083594e+05
    1.4893081971e-02    1.0155243750e+05
    1.4916437678e-02    1.0154880469e+05
    1.4939822257e-02    1.0152688281e+05
    1.4963239431e-02    1.0148153906e+05
    1.4986685477e-02    1.0142753906e+05
    1.5010161325e-02    1.0137456250e+05
    1.5033668838e-02    1.0132871094e+05
    1.5057205223e-02    1.0129415625e+05
    1.5080772340e-02    1.0127032031e+05
    1.5104367398e-02    1.0126521094e+05
    1.5127992257e-02    1.0127383594e+05
    1.5151646920e-02    1.0130189844e+05
    1.5175330453e-02    1.0133991406e+05
    1.5199041925e-02    1.0139166406e+05
    1.5222782269e-02    1.0145375781e+05
    1.5246548690e-02    1.0152353906e+05
    1.5270343982e-02    1.0159813281e+05
    1.5294168144e-02    1.0167316406e+05
    1.5318016522e-02    1.0174583594e+05
    1.5341891907e-02    1.0180511719e+05
    1.5365792438e-02    1.0184978906e+05
    1.5389721841e-02    1.0187847656e+05
    1.5413676389e-02    1.0189649219e+05
    1.5437657945e-02    1.0190117969e+05
    1.5461664647e-02    1.0189963281e+05
    1.5485695563e-02    1.0189930469e+05
    1.5509752557e-02    1.0190089844e+05
    1.5533835627e-02    1.0191541406e+05
    1.5557944775e-02    1.0193322656e+05
    1.5582079068e-02    1.0194882031e+05
    1.5606240369e-02    1.0196559375e+05
    1.5630424023e-02    1.0198224219e+05
    1.5654634684e-02    1.0198939844e+05
    1.5678871423e-02    1.0198621875e+05
    1.5703132376e-02    1.0197178125e+05
    1.5727419406e-02    1.0194432031e+05
    1.5751728788e-02    1.0189711719e+05
    1.5776060522e-02    1.0184346875e+05
    1.5800418332e-02    1.0178362500e+05
    1.5824800357e-02    1.0171709375e+05
    1.5849204734e-02    1.0165137500e+05
    1.5873633325e-02    1.0158277344e+05
    1.5898084268e-02    1.0151489844e+05
    1.5922557563e-02    1.0145049219e+05
    1.5947058797e-02    1.0138160156e+05
    1.5971582383e-02    1.0130522656e+05
    1.5996130183e-02    1.0122675781e+05
    1.6020702198e-02    1.0114624219e+05
    1.6045298427e-02    1.0106413281e+05
    1.6069920734e-02    1.0098371875e+05
    1.6094569117e-02    1.0090991406e+05
    1.6119243577e-02    1.0084371094e+05
    1.6143942252e-02    1.0078366406e+05
    1.6168667004e-02    1.0073302344e+05
    1.6193419695e-02    1.0069821094e+05
    1.6218200326e-02    1.0067587500e+05
    1.6243007034e-02    1.0066169531e+05
    1.6267839819e-02    1.0066696094e+05
    1.6292702407e-02    1.0069109375e+05
    1.6317596659e-02    1.0072172656e+05
    1.6342513263e-02    1.0076521875e+05
    1.6367461532e-02    1.0080840625e+05
    1.6392435879e-02    1.0085078125e+05
    1.6417443752e-02    1.0089558594e+05
    1.6442479566e-02    1.0093791406e+05
    1.6467543319e-02    1.0097460156e+05
    1.6492636874e-02    1.0100991406e+05
    1.6517756507e-02    1.0102458594e+05
    1.6542907804e-02    1.0103009375e+05
    1.6568088904e-02    1.0102583594e+05
    1.6593271866e-02    1.0100474219e+05
    1.6618426889e-02    1.0098064844e+05
    1.6643559560e-02    1.0096124219e+05
    1.6668669879e-02    1.0094189844e+05
    1.6693757847e-02    1.0091668750e+05
    1.6718825325e-02    1.0089433594e+05
    1.6743874177e-02    1.0087211719e+05
    1.6768900678e-02    1.0085784375e+05
    1.6793908551e-02    1.0085303906e+05
    1.6818899661e-02    1.0085015625e+05
    1.6843874007e-02    1.0085516406e+05
    1.6868829727e-02    1.0085457031e+05
    1.6893770546e-02    1.0085419531e+05
    1.6918692738e-02    1.0085972656e+05
    1.6943598166e-02    1.0085928125e+05
    1.6968490556e-02    1.0085866406e+05
    1.6993366182e-02    1.0085377344e+05
    1.7018226907e-02    1.0085311719e+05
    1.7043072730e-02    1.0083968750e+05
    1.7067901790e-02    1.0083538281e+05
    1.7092714086e-02    1.0083247656e+05
    1.7117511481e-02    1.0082861719e+05
    1.7142292112e-02    1.0082939844e+05
    1.7167057842e-02    1.0082500000e+05
    1.7191808671e-02    1.0082078125e+05
    1.7216544598e-02    1.0081634375e+05
    1.7241263762e-02    1.0080761719e+05
    1.7265968025e-02    1.0079137500e+05
    1.7290659249e-02    1.0077966406e+05
    1.7315333709e-02    1.0077042969e+05
    1.7339993268e-02    1.0074960156e+05
    1.7364639789e-02    1.0072458594e+05
    1.7389267683e-02    1.0069497656e+05
    1.7413880676e-02    1.0065694531e+05
    1.7438478768e-02    1.0060946094e+05
    1.7463061959e-02    1.0055896875e+05
    1.7487626523e-02    1.0050766406e+05
    1.7512176186e-02    1.0045571875e+05
    1.7536709085e-02    1.0039242969e+05
    1.7561223358e-02    1.0032338281e+05
    1.7585720867e-02    1.0025800781e+05
    1.7610201612e-02    1.0019075000e+05
    1.7634663731e-02    1.0012884375e+05
    1.7659107223e-02    1.0005415625e+05
    1.7683532089e-02    9.9988632812e+04
    1.7707940191e-02    9.9926632812e+04
    1.7732329667e-02    9.9871843750e+04
    1.7756698653e-02    9.9823570312e+04
    1.7781050876e-02    9.9790476562e+04
    1.7805384472e-02    9.9755656250e+04
    1.7829699442e-02    9.9732304688e+04
    1.7853999510e-02    9.9718695312e+04
    1.7878280953e-02    9.9715562500e+04
    1.7902545631e-02    9.9722914062e+04
    1.7926793545e-02    9.9745875000e+04
    1.7951028422e-02    9.9777835938e+04
    1.7975246534e-02    9.9815960938e+04
    1.7999447882e-02    9.9863414062e+04
    1.8023636192e-02    9.9914429688e+04
    1.8047811463e-02    9.9965945312e+04
    1.8071975559e-02    1.0001425000e+05
    1.8096126616e-02    1.0006678906e+05
    1.8120266497e-02    1.0011753906e+05
    1.8144397065e-02    1.0016977344e+05
    1.8168520182e-02    1.0021846094e+05
    1.8192630261e-02    1.0027677344e+05
    1.8216732889e-02    1.0031430469e+05
    1.8240824342e-02    1.0035618750e+05
    1.8264908344e-02    1.0038482031e+05
    1.8288983032e-02    1.0042253906e+05
    1.8313048407e-02    1.0044799219e+05
    1.8337102607e-02    1.0047775000e+05
    1.8361147493e-02    1.0050508594e+05
    1.8385183066e-02    1.0053466406e+05
    1.8409207463e-02    1.0056260156e+05
    1.8433224410e-02    1.0058106250e+05
    1.8457230181e-02    1.0060033594e+05
    1.8481226638e-02    1.0062425781e+05
    1.8505210057e-02    1.0064146094e+05
    1.8529184163e-02    1.0066053906e+05
    1.8553148955e-02    1.0068002344e+05
    1.8577100709e-02    1.0069486719e+05
    1.8601041287e-02    1.0070910156e+05
    1.8624972552e-02    1.0072752344e+05
    1.8648892641e-02    1.0075075781e+05
    1.8672801554e-02    1.0077991406e+05
    1.8696699291e-02    1.0080796094e+05
    1.8720587716e-02    1.0083480469e+05
    1.8744463101e-02    1.0087225000e+05
    1.8768329173e-02    1.0090071094e+05
    1.8792184070e-02    1.0093807031e+05
    1.8816027790e-02    1.0097146094e+05
    1.8839860335e-02    1.0100617969e+05
    1.8863683566e-02    1.0103378125e+05
    1.8887493759e-02    1.0106058594e+05
    1.8911294639e-02    1.0108896875e+05
    1.8935086206e-02    1.0111741406e+05
    1.8958866596e-02    1.0114677344e+05
    1.8982635811e-02    1.0117242969e+05
    1.9006397575e-02    1.0119888281e+05
    1.9030146301e-02    1.0123228906e+05
    1.9053885713e-02    1.0125696094e+05
    1.9077615812e-02    1.0128189844e+05
    1.9101334736e-02    1.0131099219e+05
    1.9125042483e-02    1.0133534375e+05
    1.9148740917e-02    1.0135293750e+05
    1.9172428176e-02    1.0137290625e+05
    1.9196104258e-02    1.0138941406e+05
    1.9219771028e-02    1.0140247656e+05
    1.9243424758e-02    1.0141191406e+05
    1.9267069176e-02    1.0141755469e+05
    1.9290700555e-02    1.0141558594e+05
    1.9314322621e-02    1.0141477344e+05
    1.9337931648e-02    1.0141802344e+05
    1.9361529499e-02    1.0142430469e+05
    1.9385114312e-02    1.0143252344e+05
    1.9408687949e-02    1.0145128906e+05
    1.9432250410e-02    1.0147106250e+05
    1.9455801696e-02    1.0150841406e+05
    1.9479339942e-02    1.0154668750e+05
    1.9502865151e-02    1.0160971094e+05
    1.9526379183e-02    1.0168028906e+05
    1.9549878314e-02    1.0176777344e+05
    1.9573366269e-02    1.0186961719e+05
    1.9596841186e-02    1.0198533594e+05
    1.9620303065e-02    1.0210839844e+05
    1.9643751904e-02    1.0223508594e+05
    1.9667187706e-02    1.0236722656e+05
    1.9690606743e-02    1.0249967969e+05
    1.9714014605e-02    1.0262344531e+05
    1.9737409428e-02    1.0273136719e+05
    1.9760791212e-02    1.0280908594e+05
    1.9784159958e-02    1.0287072656e+05
    1.9807513803e-02    1.0291058594e+05
    1.9830854610e-02    1.0292033594e+05
    1.9854182377e-02    1.0290217969e+05
    1.9877497107e-02    1.0284764844e+05
    1.9900798798e-02    1.0276046094e+05
    1.9924087450e-02    1.0265233594e+05
    1.9947361201e-02    1.0251221875e+05
    1.9970623776e-02    1.0234590625e+05
    1.9993871450e-02    1.0215203906e+05
    2.0017107949e-02    1.0195082031e+05
    2.0040329546e-02    1.0173272656e+05
    2.0063538104e-02    1.0152747656e+05
    2.0086731762e-02    1.0133039844e+05
    2.0109914243e-02    1.0115008594e+05
    2.0133081824e-02    1.0100184375e+05
    2.0156236365e-02    1.0087933594e+05
    2.0179376006e-02    1.0079236719e+05
    2.0202504471e-02    1.0073061719e+05
    2.0225618035e-02    1.0070458594e+05
    2.0248720422e-02    1.0070847656e+05
    2.0271807909e-02    1.0073343750e+05
    2.0294882357e-02    1.0077739844e+05
    2.0317947492e-02    1.0083455469e+05
    2.0340997726e-02    1.0089417969e+05
    2.0364036784e-02    1.0096335156e+05
    2.0387060940e-02    1.0102958594e+05
    2.0410073921e-02    1.0109332031e+05
    2.0433073863e-02    1.0114132031e+05
    2.0456060767e-02    1.0118152344e+05
    2.0479036495e-02    1.0121637500e+05
    2.0501999184e-02    1.0123865625e+05
    2.0524948835e-02    1.0126221875e+05
    2.0547885448e-02    1.0127721875e+05
    2.0570809022e-02    1.0128061719e+05
    2.0593719557e-02    1.0128464844e+05
    2.0616617054e-02    1.0128825781e+05
    2.0639499649e-02    1.0128919531e+05
    2.0662369207e-02    1.0129380469e+05
    2.0685223863e-02    1.0130252344e+05
    2.0708063617e-02    1.0131788281e+05
    2.0730890334e-02    1.0133827344e+05
    2.0753700286e-02    1.0136539844e+05
    2.0776495337e-02    1.0139602344e+05
    2.0799275488e-02    1.0143202344e+05
    2.0822042599e-02    1.0147983594e+05
    2.0844791085e-02    1.0153672656e+05
    2.0867524669e-02    1.0160496094e+05
    2.0890241489e-02    1.0167424219e+05
    2.0912945271e-02    1.0174264844e+05
    2.0935632288e-02    1.0181014844e+05
    2.0958306268e-02    1.0188053906e+05
    2.0980965346e-02    1.0195125000e+05
    2.1003607661e-02    1.0201924219e+05
    2.1026238799e-02    1.0208197656e+05
    2.1048855036e-02    1.0214696094e+05
    2.1071458235e-02    1.0221300000e+05
    2.1094048396e-02    1.0227385156e+05
    2.1116625518e-02    1.0232772656e+05
    2.1139191464e-02    1.0238397656e+05
    2.1161744371e-02    1.0243752344e+05
    2.1184286103e-02    1.0249275781e+05
    2.1206818521e-02    1.0254647656e+05
    2.1229337901e-02    1.0259922656e+05
    2.1251846105e-02    1.0264053906e+05
    2.1274344996e-02    1.0268869531e+05
    2.1296832711e-02    1.0272808594e+05
    2.1319312975e-02    1.0276653906e+05
    2.1341778338e-02    1.0279042969e+05
    2.1364232525e-02    1.0281431250e+05
    2.1386675537e-02    1.0282139844e+05
    2.1409107372e-02    1.0282877344e+05
    2.1431528032e-02    1.0282359375e+05
    2.1453931928e-02    1.0281503125e+05
    2.1476324648e-02    1.0279962500e+05
    2.1498700604e-02    1.0277397656e+05
    2.1521063522e-02    1.0274789844e+05
    2.1543409675e-02    1.0271588281e+05
    2.1565740928e-02    1.0267950781e+05
    2.1588053554e-02    1.0263353906e+05
    2.1610351279e-02    1.0258797656e+05
    2.1632634103e-02    1.0253569531e+05
    2.1654898301e-02    1.0248134375e+05
    2.1677147597e-02    1.0242869531e+05
    2.1699378267e-02    1.0236917969e+05
    2.1721594036e-02    1.0230928906e+05
    2.1743793041e-02    1.0224109375e+05
    2.1765975282e-02    1.0217582031e+05
    2.1788140759e-02    1.0210316406e+05
    2.1810289472e-02    1.0203634375e+05
    2.1832419559e-02    1.0196478906e+05
    2.1854531020e-02    1.0190158594e+05
    2.1876627579e-02    1.0183497656e+05
    2.1898705512e-02    1.0176746094e+05
    2.1920768544e-02    1.0170196875e+05
    2.1942811087e-02    1.0164633594e+05
    2.1964838728e-02    1.0159181250e+05
    2.1986849606e-02    1.0154458594e+05
    2.2008845583e-02    1.0150638281e+05
    2.2030822933e-02    1.0147546094e+05
    2.2052785382e-02    1.0144194531e+05
    2.2074732929e-02    1.0141465625e+05
    2.2096665576e-02    1.0139557031e+05
    2.2118583322e-02    1.0138414844e+05
    2.2140489891e-02    1.0137497656e+05
    2.2162377834e-02    1.0137477344e+05
    2.2184254602e-02    1.0137381250e+05
    2.2206118330e-02    1.0137977344e+05
    2.2227969021e-02    1.0139021094e+05
    2.2249806672e-02    1.0139519531e+05
    2.2271629423e-02    1.0140411719e+05
    2.2293440998e-02    1.0142152344e+05
    2.2315241396e-02    1.0143915625e+05
    2.2337028757e-02    1.0145550781e+05
    2.2358803079e-02    1.0146916406e+05
    2.2380566224e-02    1.0148200781e+05
    2.2402318195e-02    1.0150028125e+05
    2.2424057126e-02    1.0151628125e+05
    2.2445784882e-02    1.0153092969e+05
    2.2467501462e-02    1.0154171094e+05
    2.2489206865e-02    1.0155125000e+05
    2.2510899231e-02    1.0156456250e+05
    2.2532582283e-02    1.0157196094e+05
    2.2554252297e-02    1.0157777344e+05
    2.2575911134e-02    1.0158053125e+05
    2.2597560659e-02    1.0157856250e+05
    2.2619199008e-02    1.0157452344e+05
    2.2640828043e-02    1.0156206250e+05
    2.2662445903e-02    1.0155510156e+05
    2.2684050724e-02    1.0154367969e+05
    2.2705646232e-02    1.0153739844e+05
    2.2727232426e-02    1.0152671094e+05
    2.2748809308e-02    1.0151812500e+05
    2.2770375013e-02    1.0150730469e+05
    2.2791929543e-02    1.0150303906e+05
    2.2813472897e-02    1.0149885156e+05
    2.2835006937e-02    1.0149471875e+05
    2.2856531665e-02    1.0148921094e+05
    2.2878047079e-02    1.0148225000e+05
    2.2899549454e-02    1.0147636719e+05
    2.2921044379e-02    1.0147283594e+05
    2.2942528129e-02    1.0146814844e+05
    2.2964000702e-02    1.0145816406e+05
    2.2985465825e-02    1.0145375781e+05
    2.3006917909e-02    1.0145621094e+05
    2.3028360680e-02    1.0145000781e+05
    2.3049792275e-02    1.0145046094e+05
    2.3071214557e-02    1.0144546875e+05
    2.3092625663e-02    1.0144419531e+05
    2.3114029318e-02    1.0144194531e+05
    2.3135419935e-02    1.0144337500e+05
    2.3156799376e-02    1.0144160156e+05
    2.3178169504e-02    1.0144014844e+05
    2.3199530318e-02    1.0144015625e+05
    2.3220879957e-02    1.0143933594e+05
    2.3242218420e-02    1.0144212500e+05
    2.3263547570e-02    1.0144460156e+05
    2.3284865543e-02    1.0144871094e+05
    2.3306174204e-02    1.0144966406e+05
    2.3327469826e-02    1.0145746094e+05
    2.3348756135e-02    1.0145438281e+05
    2.3370031267e-02    1.0145461719e+05
    2.3391297087e-02    1.0146063281e+05
    2.3412553594e-02    1.0146271875e+05
    2.3433798924e-02    1.0147343750e+05
    2.3455033079e-02    1.0147872656e+05
    2.3476256058e-02    1.0148188281e+05
    2.3497469723e-02    1.0148261719e+05
    2.3518672213e-02    1.0148828906e+05
    2.3539865389e-02    1.0149189844e+05
    2.3561049253e-02    1.0149602344e+05
    2.3582221940e-02    1.0151113281e+05
    2.3603385314e-02    1.0151540625e+05
    2.3624535650e-02    1.0152914844e+05
    2.3645676672e-02    1.0153416406e+05
    2.3666808382e-02    1.0153912500e+05
    2.3687927052e-02    1.0154533594e+05
    2.3709038273e-02    1.0154960156e+05
    2.3730138317e-02    1.0156216406e+05
    2.3751227185e-02    1.0156687500e+05
    2.3772306740e-02    1.0157261719e+05
    2.3793375120e-02    1.0157830469e+05
    2.3814432323e-02    1.0158389844e+05
    2.3835480213e-02    1.0158721094e+05
    2.3856516927e-02    1.0159146875e+05
    2.3877544329e-02    1.0159328125e+05
    2.3898560554e-02    1.0159141406e+05
    2.3919565603e-02    1.0159481250e+05
    2.3940561339e-02    1.0159681250e+05
    2.3961545900e-02    1.0159372656e+05
    2.3982519284e-02    1.0159619531e+05
    2.4003483355e-02    1.0159703906e+05
    2.4024436250e-02    1.0159028125e+05
    2.4045377970e-02    1.0159202344e+05
    2.4066310376e-02    1.0158421875e+05
    2.4087233469e-02    1.0158546094e+05
    2.4108145386e-02    1.0158689844e+05
    2.4129044265e-02    1.0159197656e+05
    2.4149935693e-02    1.0159484375e+05
    2.4170814082e-02    1.0159657031e+05
    2.4191683158e-02    1.0159921094e+05
    2.4212542921e-02    1.0159935156e+05
    2.4233391508e-02    1.0159827344e+05
    2.4254228920e-02    1.0160308594e+05
    2.4275057018e-02    1.0160690625e+05
    2.4295873940e-02    1.0160530469e+05
    2.4316681549e-02    1.0160792969e+05
    2.4337477982e-02    1.0161044531e+05
    2.4358265102e-02    1.0160822656e+05
    2.4379042909e-02    1.0160542969e+05
    2.4399809539e-02    1.0160614844e+05
    2.4420566857e-02    1.0160461719e+05
    2.4441312999e-02    1.0160772656e+05
    2.4462047964e-02    1.0160722656e+05
    2.4482775480e-02    1.0160512500e+05
    2.4503491819e-02    1.0159910156e+05
    2.4524198845e-02    1.0159072656e+05
    2.4544894695e-02    1.0158289844e+05
    2.4565581232e-02    1.0156940625e+05
    2.4586258456e-02    1.0155828125e+05
    2.4606924504e-02    1.0154792969e+05
    2.4627581239e-02    1.0153647656e+05
    2.4648228660e-02    1.0152697656e+05
    2.4668866768e-02    1.0151452344e+05
    2.4689495564e-02    1.0149902344e+05
    2.4710113183e-02    1.0148492969e+05
    2.4730721489e-02    1.0146702344e+05
    2.4751318619e-02    1.0145686719e+05
    2.4771906435e-02    1.0143947656e+05
    2.4792486802e-02    1.0142566406e+05
    2.4813055992e-02    1.0140439844e+05
    2.4833614007e-02    1.0139024219e+05
    2.4854162708e-02    1.0136627344e+05
    2.4874702096e-02    1.0135308594e+05
    2.4895232171e-02    1.0133641406e+05
    2.4915752932e-02    1.0132252344e+05
    2.4936262518e-02    1.0131731250e+05
    2.4956764653e-02    1.0131527344e+05
    2.4977253750e-02    1.0130708594e+05
    2.4997735396e-02    1.0130630469e+05
    2.5018205866e-02    1.0130411719e+05
    2.5038668886e-02    1.0130735156e+05
    2.5059120730e-02    1.0131171094e+05
    2.5079563260e-02    1.0131977344e+05
    2.5099996477e-02    1.0132821094e+05
    2.5120420381e-02    1.0133717969e+05
    2.5140833110e-02    1.0135146094e+05
    2.5161236525e-02    1.0137227344e+05
    2.5181630626e-02    1.0139546094e+05
    2.5202017277e-02    1.0142209375e+05
    2.5222390890e-02    1.0145203125e+05
    2.5242757052e-02    1.0147480469e+05
    2.5263112038e-02    1.0150853906e+05
    2.5283459574e-02    1.0153621875e+05
    2.5303795934e-02    1.0156321094e+05
    2.5324124843e-02    1.0159506250e+05
    2.5344440714e-02    1.0162327344e+05
    2.5364749134e-02    1.0164764844e+05
    2.5385048240e-02    1.0167277344e+05
    2.5405339897e-02    1.0169221875e+05
    2.5425618514e-02    1.0171028125e+05
    2.5445887819e-02    1.0171978906e+05
    2.5466147810e-02    1.0173666406e+05
    2.5486400351e-02    1.0174114844e+05
    2.5506639853e-02    1.0174649219e+05
    2.5526873767e-02    1.0174330469e+05
    2.5547094643e-02    1.0173289844e+05
    2.5567308068e-02    1.0171991406e+05
    2.5587510318e-02    1.0170544531e+05
    2.5607703254e-02    1.0168358594e+05
    2.5627886876e-02    1.0165689844e+05
    2.5648061186e-02    1.0163072656e+05
    2.5668226182e-02    1.0159928906e+05
    2.5688380003e-02    1.0156647656e+05
    2.5708526373e-02    1.0152602344e+05
    2.5728661567e-02    1.0148689844e+05
    2.5748789310e-02    1.0144503906e+05
    2.5768904015e-02    1.0140021094e+05
    2.5789011270e-02    1.0135888281e+05
    2.5809109211e-02    1.0131560156e+05
    2.5829195976e-02    1.0127192969e+05
    2.5849273428e-02    1.0123252344e+05
    2.5869343430e-02    1.0119703125e+05
    2.5889402255e-02    1.0116699219e+05
    2.5909451768e-02    1.0114028125e+05
    2.5929493830e-02    1.0111853125e+05
    2.5949522853e-02    1.0110514844e+05
    2.5969544426e-02    1.0109114844e+05
    2.5989556685e-02    1.0109411719e+05
    2.6009559631e-02    1.0109246875e+05
    2.6029553264e-02    1.0109572656e+05
    2.6049537584e-02    1.0110413281e+05
    2.6069512591e-02    1.0111986719e+05
    2.6089478284e-02    1.0113883594e+05
    2.6109432802e-02    1.0116796094e+05
    2.6129379869e-02    1.0119578125e+05
    2.6149315760e-02    1.0122185156e+05
    2.6169244200e-02    1.0125197656e+05
    2.6189163327e-02    1.0128283594e+05
    2.6209073141e-02    1.0131846094e+05
    2.6228975505e-02    1.0134961719e+05
    2.6248866692e-02    1.0137556250e+05
    2.6268748567e-02    1.0140994531e+05
    2.6288621128e-02    1.0143258594e+05
    2.6308484375e-02    1.0145392969e+05
    2.6328338310e-02    1.0148025000e+05
    2.6348184794e-02    1.0150241406e+05
    2.6368021965e-02    1.0152392969e+05
    2.6387847960e-02    1.0154832031e+05
    2.6407664642e-02    1.0156717969e+05
    2.6427472010e-02    1.0158852344e+05
    2.6447271928e-02    1.0160890625e+05
    2.6467062533e-02    1.0162927344e+05
    2.6486843824e-02    1.0165190625e+05
    2.6506617665e-02    1.0166416406e+05
    2.6526380330e-02    1.0168207031e+05
    2.6546133682e-02    1.0170835156e+05
    2.6565877721e-02    1.0173212500e+05
    2.6585612446e-02    1.0174681250e+05
    2.6605339721e-02    1.0175964844e+05
    2.6625057682e-02    1.0177914844e+05
    2.6644766331e-02    1.0179378125e+05
    2.6664465666e-02    1.0181037500e+05
    2.6684155688e-02    1.0182508594e+05
    2.6703836396e-02    1.0183247656e+05
    2.6723509654e-02    1.0184716406e+05
    2.6743173599e-02    1.0185064844e+05
    2.6762828231e-02    1.0185412500e+05
    2.6782475412e-02    1.0185783594e+05
    2.6802113280e-02    1.0186497656e+05
    2.6821739972e-02    1.0186702344e+05
    2.6841359213e-02    1.0187056250e+05
    2.6860967278e-02    1.0186844531e+05
    2.6880569756e-02    1.0186732031e+05
    2.6900164783e-02    1.0186358594e+05
    2.6919748634e-02    1.0185359375e+05
    2.6939325035e-02    1.0184359375e+05
    2.6958892122e-02    1.0183427344e+05
    2.6978449896e-02    1.0182634375e+05
    2.6997998357e-02    1.0181965625e+05
    2.7017539367e-02    1.0181486719e+05
    2.7037071064e-02    1.0180721094e+05
    2.7056595311e-02    1.0179974219e+05
    2.7076110244e-02    1.0178703906e+05
    2.7095617726e-02    1.0177832031e+05
    2.7115115896e-02    1.0177081250e+05
    2.7134604752e-02    1.0175837500e+05
    2.7154086158e-02    1.0174853906e+05
    2.7173558250e-02    1.0174286719e+05
    2.7193021029e-02    1.0172647656e+05
    2.7212476358e-02    1.0172035156e+05
    2.7231922373e-02    1.0171303906e+05
    2.7251357213e-02    1.0170696094e+05
    2.7270786464e-02    1.0170085156e+05
    2.7290204540e-02    1.0169584375e+05
    2.7309613302e-02    1.0168724219e+05
    2.7329014614e-02    1.0168072656e+05
    2.7348404750e-02    1.0167413281e+05
    2.7367785573e-02    1.0166994531e+05
    2.7387158945e-02    1.0166478906e+05
    2.7406521142e-02    1.0165878125e+05
    2.7425874025e-02    1.0165303125e+05
    2.7445219457e-02    1.0165552344e+05
    2.7464553714e-02    1.0165103906e+05
    2.7483878657e-02    1.0164685156e+05
    2.7503194287e-02    1.0164264844e+05
    2.7522502467e-02    1.0163619531e+05
    2.7541799471e-02    1.0163121875e+05
    2.7561087161e-02    1.0163475781e+05
    2.7580365539e-02    1.0163306250e+05
    2.7599634603e-02    1.0164000000e+05
    2.7618894354e-02    1.0163931250e+05
    2.7638144791e-02    1.0163675000e+05
    2.7657385916e-02    1.0164266406e+05
    2.7676619589e-02    1.0164433594e+05
    2.7695843950e-02    1.0164283594e+05
    2.7715058997e-02    1.0164164844e+05
    2.7734262869e-02    1.0164318750e+05
    2.7753459290e-02    1.0165202344e+05
    2.7772648260e-02    1.0165481250e+05
    2.7791827917e-02    1.0166278906e+05
    2.7810998261e-02    1.0167378906e+05
    2.7830159292e-02    1.0167827344e+05
    2.7849311009e-02    1.0168066406e+05
    2.7868455276e-02    1.0168408594e+05
    2.7887590230e-02    1.0168510156e+05
    2.7906717733e-02    1.0168727344e+05
    2.7925835922e-02    1.0168964844e+05
    2.7944946662e-02    1.0169466406e+05
    2.7964048088e-02    1.0170553906e+05
    2.7983140200e-02    1.0170764844e+05
    2.8002224863e-02    1.0171218750e+05
    2.8021300212e-02    1.0171458594e+05
    2.8040368110e-02    1.0171822656e+05
    2.8059426695e-02    1.0173008594e+05
    2.8078475967e-02    1.0173507031e+05
    2.8097519651e-02    1.0172950000e+05
    2.8116554022e-02    1.0173296875e+05
    2.8135580942e-02    1.0173517969e+05
    2.8154598549e-02    1.0173869531e+05
    2.8173606843e-02    1.0174811719e+05
    2.8192607686e-02    1.0175418750e+05
    2.8211599216e-02    1.0175756250e+05
    2.8230583295e-02    1.0174918750e+05
    2.8249559924e-02    1.0175177344e+05
    2.8268527240e-02    1.0175177344e+05
    2.8287487105e-02    1.0175621094e+05
    2.8306435794e-02    1.0175710156e+05
    2.8325378895e-02    1.0175441406e+05
    2.8344312683e-02    1.0175280469e+05
    2.8363237157e-02    1.0176172656e+05
    2.8382156044e-02    1.0176371094e+05
    2.8401065618e-02    1.0176553906e+05
    2.8419965878e-02    1.0176500000e+05
    2.8438858688e-02    1.0175961719e+05
    2.8457742184e-02    1.0175977344e+05
    2.8476616368e-02    1.0176422656e+05
    2.8495483100e-02    1.0176558594e+05
    2.8514338657e-02    1.0176719531e+05
    2.8533160686e-02    1.0176485156e+05
    2.8551930562e-02    1.0176728125e+05
    2.8570635244e-02    1.0176858594e+05
    2.8589271009e-02    1.0176986719e+05
    2.8607837856e-02    1.0177100000e+05
    2.8626350686e-02    1.0177202344e+05
    2.8644818813e-02    1.0176828125e+05
    2.8663259000e-02    1.0176931250e+05
    2.8681686148e-02    1.0177609375e+05
    2.8700113297e-02    1.0177142969e+05
    2.8718546033e-02    1.0177333594e+05
    2.8736986220e-02    1.0177972656e+05
    2.8755431995e-02    1.0177836719e+05
    2.8773877770e-02    1.0178152344e+05
    2.8792314231e-02    1.0177796094e+05
    2.8810730204e-02    1.0178516406e+05
    2.8829116374e-02    1.0178660156e+05
    2.8847465292e-02    1.0178927344e+05
    2.8865773231e-02    1.0179093750e+05
    2.8884036466e-02    1.0179269531e+05
    2.8902258724e-02    1.0179478906e+05
    2.8920443729e-02    1.0179710156e+05
    2.8938598931e-02    1.0179953125e+05
    2.8956729919e-02    1.0180647656e+05
    2.8974846005e-02    1.0180575000e+05
    2.8992949054e-02    1.0180821094e+05
    2.9011042789e-02    1.0181171094e+05
    2.9029129073e-02    1.0181280469e+05
    2.9047204182e-02    1.0181367969e+05
    2.9065268114e-02    1.0181792969e+05
    2.9083315283e-02    1.0181877344e+05
    2.9101338238e-02    1.0182055469e+05
    2.9119335115e-02    1.0182352344e+05
    2.9137304053e-02    1.0182521875e+05
    2.9155241325e-02    1.0182441406e+05
    2.9173148796e-02    1.0182350781e+05
    2.9191024601e-02    1.0182978906e+05
    2.9208874330e-02    1.0183142969e+05
    2.9226697981e-02    1.0183188281e+05
    2.9244501144e-02    1.0182991406e+05
    2.9262285680e-02    1.0183155469e+05
    2.9280053452e-02    1.0183677344e+05
    2.9297806323e-02    1.0183525000e+05
    2.9315544292e-02    1.0183916406e+05
    2.9333265498e-02    1.0184171094e+05
    2.9350971803e-02    1.0184194531e+05
    2.9368655756e-02    1.0184112500e+05
    2.9386319220e-02    1.0183944531e+05
    2.9403960332e-02    1.0183740625e+05
    2.9421577230e-02    1.0184919531e+05
    2.9439168051e-02    1.0185067969e+05
    2.9456734657e-02    1.0184605469e+05
    2.9474277049e-02    1.0184260156e+05
    2.9491795227e-02    1.0184116406e+05
    2.9509292915e-02    1.0184189844e+05
    2.9526771978e-02    1.0184261719e+05
    2.9544232413e-02    1.0184347656e+05
    2.9561674222e-02    1.0184402344e+05
    2.9579099268e-02    1.0184313281e+05
    2.9596509412e-02    1.0183757031e+05
    2.9613900930e-02    1.0183980469e+05
    2.9631273821e-02    1.0184068750e+05
    2.9648626223e-02    1.0183816406e+05
    2.9665958136e-02    1.0183675000e+05
    2.9683271423e-02    1.0183637500e+05
    2.9700560495e-02    1.0183147656e+05
    2.9717829078e-02    1.0182977344e+05
    2.9735075310e-02    1.0183041406e+05
    2.9752301052e-02    1.0183003906e+05
    2.9769508168e-02    1.0183217969e+05
    2.9786696658e-02    1.0183530469e+05
    2.9803866521e-02    1.0183885156e+05
    2.9821017757e-02    1.0183672656e+05
    2.9838152230e-02    1.0183358594e+05
    2.9855269939e-02    1.0183585156e+05
    2.9872370884e-02    1.0183466406e+05
    2.9889453202e-02    1.0183489844e+05
    2.9906518757e-02    1.0183536719e+05
    2.9923565686e-02    1.0184530469e+05
    2.9940593988e-02    1.0184971094e+05
    2.9957601801e-02    1.0184947656e+05
    2.9974590987e-02    1.0185030469e+05
    2.9991561547e-02    1.0184625781e+05
    3.0008511618e-02    1.0184802344e+05
    3.0025444925e-02    1.0185453906e+05
    3.0042361468e-02    1.0185393750e+05
    3.0059259385e-02    1.0184860156e+05
    3.0076142401e-02    1.0185149219e+05
    3.0093006790e-02    1.0185566406e+05
    3.0109854415e-02    1.0185650781e+05
    3.0126683414e-02    1.0185761719e+05
    3.0143497512e-02    1.0186015625e+05
    3.0160292983e-02    1.0186175781e+05
    3.0177071691e-02    1.0186802344e+05
    3.0193833634e-02    1.0187366406e+05
    3.0210576952e-02    1.0187457031e+05
    3.0227303505e-02    1.0187653906e+05
    3.0244011432e-02    1.0187950781e+05
    3.0260702595e-02    1.0188127344e+05
    3.0277376994e-02    1.0188203906e+05
    3.0294034630e-02    1.0188643750e+05
    3.0310675502e-02    1.0189218750e+05
    3.0327299610e-02    1.0189618750e+05
    3.0343905091e-02    1.0190189844e+05
    3.0360495672e-02    1.0191203906e+05
    3.0377071351e-02    1.0191446094e+05
    3.0393628404e-02    1.0191474219e+05
    3.0410168692e-02    1.0191627344e+05
    3.0426690355e-02    1.0192603906e+05
    3.0443195254e-02    1.0193678906e+05
    3.0459685251e-02    1.0193632031e+05
    3.0476156622e-02    1.0193308594e+05
    3.0492611229e-02    1.0193678906e+05
    3.0509050936e-02    1.0194046094e+05
    3.0525473878e-02    1.0194419531e+05
    3.0541881919e-02    1.0194788281e+05
    3.0558273196e-02    1.0195131250e+05
    3.0574647710e-02    1.0195328906e+05
    3.0591005459e-02    1.0195603906e+05
    3.0607348308e-02    1.0194924219e+05
    3.0623674393e-02    1.0195235156e+05
    3.0639985576e-02    1.0194971094e+05
    3.0656279996e-02    1.0195015625e+05
    3.0672557652e-02    1.0194667969e+05
    3.0688818544e-02    1.0194658594e+05
    3.0705062672e-02    1.0194171094e+05
    3.0721291900e-02    1.0194212500e+05
    3.0737506226e-02    1.0193749219e+05
    3.0753703788e-02    1.0193618750e+05
    3.0769886449e-02    1.0193691406e+05
    3.0786054209e-02    1.0193071094e+05
    3.0802207068e-02    1.0192609375e+05
    3.0818343163e-02    1.0192483594e+05
    3.0834466219e-02    1.0191878125e+05
    3.0850572512e-02    1.0191691406e+05
    3.0866663903e-02    1.0190788281e+05
    3.0882738531e-02    1.0190693750e+05
    3.0898798257e-02    1.0190602344e+05
    3.0914843082e-02    1.0190416406e+05
    3.0930871144e-02    1.0191135156e+05
    3.0946886167e-02    1.0189799219e+05
    3.0962884426e-02    1.0189830469e+05
    3.0978867784e-02    1.0189528125e+05
    3.0994836241e-02    1.0189466406e+05
    3.1010789797e-02    1.0190216406e+05
    3.1026728451e-02    1.0189828125e+05
    3.1042650342e-02    1.0189669531e+05
    3.1058559194e-02    1.0188800000e+05
    3.1074455008e-02    1.0188614844e+05
    3.1090334058e-02    1.0188439844e+05
    3.1106200069e-02    1.0188846094e+05
    3.1122051179e-02    1.0189068750e+05
    3.1137887388e-02    1.0188975000e+05
    3.1153710559e-02    1.0189358594e+05
    3.1169516966e-02    1.0190039844e+05
    3.1185310334e-02    1.0189932031e+05
    3.1201090664e-02    1.0189837500e+05
    3.1216854230e-02    1.0189867969e+05
    3.1232602894e-02    1.0190346875e+05
    3.1248336658e-02    1.0190405469e+05
    3.1264055520e-02    1.0190097656e+05
    3.1279761344e-02    1.0190028125e+05
    3.1295452267e-02    1.0191108594e+05
    3.1311132014e-02    1.0191057031e+05
    3.1326796860e-02    1.0190760156e+05
    3.1342446804e-02    1.0190707031e+05
    3.1358085573e-02    1.0190888281e+05
    3.1373709440e-02    1.0191333594e+05
    3.1389318407e-02    1.0191418750e+05
    3.1404916197e-02    1.0191508594e+05
    3.1420499086e-02    1.0191825000e+05
    3.1436067075e-02    1.0191797656e+05
    3.1451620162e-02    1.0191791406e+05
    3.1467158347e-02    1.0192015625e+05
    3.1482685357e-02    1.0192258594e+05
    3.1498193741e-02    1.0192847656e+05
    3.1513694674e-02    1.0192902344e+05
    3.1529176980e-02    1.0193214844e+05
    3.1544648111e-02    1.0193900781e+05
    3.1560108066e-02    1.0194128906e+05
    3.1575553119e-02    1.0194596875e+05
    3.1590986997e-02    1.0194725000e+05
    3.1606405973e-02    1.0195072656e+05
    3.1621813774e-02    1.0195066406e+05
    3.1637206674e-02    1.0195389844e+05
    3.1652588397e-02    1.0195346094e+05
    3.1667951494e-02    1.0195177344e+05
    3.1683307141e-02    1.0195946094e+05
    3.1698647887e-02    1.0195549219e+05
    3.1713977456e-02    1.0195615625e+05
    3.1729292125e-02    1.0196142969e+05
    3.1744595617e-02    1.0195866406e+05
    3.1759884208e-02    1.0196178906e+05
    3.1775161624e-02    1.0196964844e+05
    3.1790427864e-02    1.0197681250e+05
    3.1805675477e-02    1.0198183594e+05
    3.1820915639e-02    1.0198352344e+05
    3.1836140901e-02    1.0198636719e+05
    3.1851354986e-02    1.0199046094e+05
    3.1866557896e-02    1.0199132031e+05
    3.1881745905e-02    1.0200184375e+05
    3.1896922737e-02    1.0200924219e+05
    3.1912088394e-02    1.0202439844e+05
    3.1927239150e-02    1.0202975781e+05
    3.1942378730e-02    1.0204472656e+05
    3.1957507133e-02    1.0205208594e+05
    3.1972620636e-02    1.0206330469e+05
    3.1987726688e-02    1.0207435156e+05
    3.2002814114e-02    1.0207993750e+05
    3.2017890364e-02    1.0208667969e+05
    3.2032959163e-02    1.0209353906e+05
    3.2048013061e-02    1.0210041406e+05
    3.2063052058e-02    1.0210736719e+05
    3.2078083605e-02    1.0211421094e+05
    3.2093103975e-02    1.0211883594e+05
    3.2108109444e-02    1.0212789844e+05
    3.2123107463e-02    1.0213450000e+05
    3.2138090581e-02    1.0213852344e+05
    3.2153062522e-02    1.0213521875e+05
    3.2168023288e-02    1.0214071875e+05
    3.2182972878e-02    1.0214585156e+05
    3.2197911292e-02    1.0214136719e+05
    3.2212834805e-02    1.0214583594e+05
    3.2227750868e-02    1.0214767969e+05
    3.2242652029e-02    1.0215153906e+05
    3.2257542014e-02    1.0214596094e+05
    3.2272424549e-02    1.0214810156e+05
    3.2287292182e-02    1.0215113281e+05
    3.2302148640e-02    1.0215483594e+05
    3.2316997647e-02    1.0214544531e+05
    3.2331831753e-02    1.0214696094e+05
    3.2346658409e-02    1.0213881250e+05
    3.2361470163e-02    1.0213687500e+05
    3.2376270741e-02    1.0213688281e+05
    3.2391063869e-02    1.0212497656e+05
    3.2405842096e-02    1.0212434375e+05
    3.2420612872e-02    1.0212344531e+05
    3.2435368747e-02    1.0211762500e+05
    3.2450113446e-02    1.0211185156e+05
    3.2464850694e-02    1.0211033594e+05
    3.2479573041e-02    1.0210862500e+05
    3.2494287938e-02    1.0210661719e+05
    3.2508991659e-02    1.0209396875e+05
    3.2523684204e-02    1.0209135156e+05
    3.2538365573e-02    1.0208858594e+05
    3.2553035766e-02    1.0208675781e+05
    3.2567698509e-02    1.0208374219e+05
    3.2582346350e-02    1.0207952344e+05
    3.2596986741e-02    1.0207278125e+05
    3.2611619681e-02    1.0207192969e+05
    3.2626237720e-02    1.0206760156e+05
    3.2640848309e-02    1.0206199219e+05
    3.2655447721e-02    1.0205535156e+05
    3.2670035958e-02    1.0205196094e+05
    3.2684613019e-02    1.0204868750e+05
    3.2699178904e-02    1.0204782031e+05
    3.2713737339e-02    1.0204940625e+05
    3.2728284597e-02    1.0205140625e+05
    3.2742820680e-02    1.0204985156e+05
    3.2757349312e-02    1.0204128906e+05
    3.2771866769e-02    1.0203641406e+05
    3.2786373049e-02    1.0203371094e+05
    3.2800871879e-02    1.0203103906e+05
    3.2815355808e-02    1.0203075000e+05
    3.2829832286e-02    1.0203518750e+05
    3.2844301313e-02    1.0203272656e+05
    3.2858755440e-02    1.0202803125e+05
    3.2873202115e-02    1.0201857031e+05
    3.2887637615e-02    1.0201608594e+05
    3.2902065665e-02    1.0202286719e+05
    3.2916482538e-02    1.0201365625e+05
    3.2930891961e-02    1.0201367969e+05
    3.2945290208e-02    1.0201853906e+05
    3.2959677279e-02    1.0201661719e+05
    3.2974056900e-02    1.0201484375e+05
    3.2988425344e-02    1.0201314844e+05
    3.3002786338e-02    1.0201272656e+05
    3.3017136157e-02    1.0201135156e+05
    3.3031478524e-02    1.0201352344e+05
    3.3045809716e-02    1.0201728906e+05
    3.3060129732e-02    1.0201537500e+05
    3.3074442297e-02    1.0201577344e+05
    3.3088747412e-02    1.0201738281e+05
    3.3103041351e-02    1.0201660156e+05
    3.3117324114e-02    1.0201472656e+05
    3.3131599426e-02    1.0201280469e+05
    3.3145863563e-02    1.0201196094e+05
    3.3160120249e-02    1.0201108594e+05
    3.3174365759e-02    1.0200796094e+05
    3.3188603818e-02    1.0200708594e+05
    3.3202830702e-02    1.0200741406e+05
    3.3217050135e-02    1.0200781250e+05
    3.3231258392e-02    1.0200715625e+05
    3.3245459199e-02    1.0200660156e+05
    3.3259648830e-02    1.0200510156e+05
    3.3273831010e-02    1.0201043750e+05
    3.3288005739e-02    1.0201025000e+05
    3.3302169293e-02    1.0201152344e+05
    3.3316325396e-02    1.0201258594e+05
    3.3330474049e-02    1.0200910156e+05
    3.3344611526e-02    1.0200543750e+05
    3.3358741552e-02    1.0200518750e+05
    3.3372864127e-02    1.0200843750e+05
    3.3386975527e-02    1.0201428906e+05
    3.3401079476e-02    1.0201435156e+05
    3.3415172249e-02    1.0201222656e+05
    3.3429257572e-02    1.0201468750e+05
    3.3443335444e-02    1.0201265625e+05
    3.3457405865e-02    1.0201413281e+05
    3.3471468836e-02    1.0201458594e+05
    3.3485524356e-02    1.0201386719e+05
    3.3499568701e-02    1.0201422656e+05
    3.3513605595e-02    1.0201580469e+05
    3.3527631313e-02    1.0201514844e+05
    3.3541653305e-02    1.0201794531e+05
    3.3555664122e-02    1.0201621875e+05
    3.3569667488e-02    1.0201908594e+05
    3.3583663404e-02    1.0201857031e+05
    3.3597648144e-02    1.0202028906e+05
    3.3611625433e-02    1.0202085156e+05
    3.3625595272e-02    1.0202150000e+05
    3.3639557660e-02    1.0202213281e+05
    3.3653512597e-02    1.0202271094e+05
    3.3667460084e-02    1.0202322656e+05
    3.3681396395e-02    1.0202372656e+05
    3.3695328981e-02    1.0202421094e+05
    3.3709254116e-02    1.0202468750e+05
    3.3723168075e-02    1.0202634375e+05
    3.3737078309e-02    1.0202586719e+05
    3.3750977367e-02    1.0202662500e+05
    3.3764872700e-02    1.0202866406e+05
    3.3778760582e-02    1.0202850000e+05
    3.3792637289e-02    1.0203178906e+05
    3.3806510270e-02    1.0203282031e+05
    3.3820372075e-02    1.0203137500e+05
    3.3834230155e-02    1.0203333594e+05
    3.3848077059e-02    1.0203410156e+05
    3.3861916512e-02    1.0203360156e+05
    3.3875752240e-02    1.0203638281e+05
    3.3889576793e-02    1.0203436719e+05
    3.3903393894e-02    1.0202984375e+05
    3.3917203546e-02    1.0202746094e+05
    3.3931009471e-02    1.0202716406e+05
    3.3944804221e-02    1.0202475781e+05
    3.3958595246e-02    1.0203619531e+05
    3.3972378820e-02    1.0203407031e+05
    3.3986151218e-02    1.0203642969e+05
    3.3999919891e-02    1.0203187500e+05
    3.4013681114e-02    1.0202282031e+05
    3.4027434886e-02    1.0202972656e+05
    3.4041177481e-02    1.0202983594e+05
    3.4054916352e-02    1.0202885156e+05
    3.4068647772e-02    1.0202528906e+05
    3.4082375467e-02    1.0202750781e+05
    3.4096091986e-02    1.0202755469e+05
    3.4109804779e-02    1.0202653906e+05
    3.4123510122e-02    1.0202552344e+05
    3.4137208015e-02    1.0202783594e+05
    3.4150898457e-02    1.0202552344e+05
    3.4164581448e-02    1.0202764844e+05
    3.4178260714e-02    1.0202509375e+05
    3.4191932529e-02    1.0202578906e+05
    3.4205596894e-02    1.0202408594e+05
    3.4219253808e-02    1.0202332031e+05
    3.4232903272e-02    1.0202237500e+05
    3.4246545285e-02    1.0201650781e+05
    3.4260183573e-02    1.0201286719e+05
    3.4273810685e-02    1.0200805469e+05
    3.4287434071e-02    1.0200650781e+05
    3.4301050007e-02    1.0200387500e+05
    3.4314658493e-02    1.0200480469e+05
    3.4328263253e-02    1.0200377344e+05
    3.4341860563e-02    1.0200749219e+05
    3.4355450422e-02    1.0201122656e+05
    3.4369036555e-02    1.0201061719e+05
    3.4382611513e-02    1.0200991406e+05
    3.4396182746e-02    1.0200439844e+05
    3.4409742802e-02    1.0199883594e+05
    3.4423299134e-02    1.0199633594e+05
    3.4436848015e-02    1.0199359375e+05
    3.4450393170e-02    1.0199421875e+05
    3.4463927150e-02    1.0199021094e+05
    3.4477461129e-02    1.0199074219e+05
    3.4490987659e-02    1.0198671094e+05
    3.4504506737e-02    1.0198610156e+05
    3.4518022090e-02    1.0198562500e+05
    3.4531529993e-02    1.0198296094e+05
    3.4545030445e-02    1.0198260156e+05
    3.4558523446e-02    1.0198003125e+05
    3.4572008997e-02    1.0197982031e+05
    3.4585487098e-02    1.0197858594e+05
    3.4598957747e-02    1.0197514844e+05
    3.4612424672e-02    1.0197628906e+05
    3.4625884145e-02    1.0197503125e+05
    3.4639336169e-02    1.0197355469e+05
    3.4652780741e-02    1.0196953906e+05
    3.4666225314e-02    1.0196991406e+05
    3.4679658711e-02    1.0195869531e+05
    3.4693088382e-02    1.0195421875e+05
    3.4706510603e-02    1.0195422656e+05
    3.4719929099e-02    1.0194990625e+05
    3.4733340144e-02    1.0195368750e+05
    3.4746743739e-02    1.0195762500e+05
    3.4760143608e-02    1.0195362500e+05
    3.4773536026e-02    1.0195421094e+05
    3.4786924720e-02    1.0194227344e+05
    3.4800305963e-02    1.0194624219e+05
    3.4813679755e-02    1.0194703125e+05
    3.4827046096e-02    1.0194667969e+05
    3.4840408713e-02    1.0194624219e+05
    3.4853763878e-02    1.0193777344e+05
    3.4867111593e-02    1.0193834375e+05
    3.4880455583e-02    1.0193991406e+05
    3.4893795848e-02    1.0193925000e+05
    3.4907124937e-02    1.0193738281e+05
    3.4920454025e-02    1.0192960156e+05
    3.4933775663e-02    1.0192430469e+05
    3.4947093576e-02    1.0192921875e+05
    3.4960404038e-02    1.0192960156e+05
    3.4973710775e-02    1.0192783594e+05
    3.4987010062e-02    1.0192492969e+05
endcurve
