Curveplot
LS-DYNA keyword deck by LS-PrePost                          
Time
Pressure
Defined Connection
Pressure @ 16 #pts=1745
* Minval=     9.8553804688e+04 at time=         0.0130216638
* Maxval=     1.7101021875e+05 at time=         0.0061162757
    0.0000000000e+00    9.9998085938e+04
    3.3812357287e-05    9.9998085938e+04
    6.1326652940e-05    9.9998585938e+04
    8.9102875791e-05    9.9998398438e+04
    1.1682785407e-04    9.9998226562e+04
    1.4461828687e-04    9.9998757812e+04
    1.7236733402e-04    9.9999539062e+04
    2.0016246708e-04    1.0000902344e+05
    2.2795486439e-04    1.0000039844e+05
    2.5574557367e-04    1.0000040625e+05
    2.8353667585e-04    1.0000033594e+05
    3.1133697485e-04    9.9990593750e+04
    3.3912662184e-04    9.9999273438e+04
    3.6691734567e-04    1.0000005469e+05
    3.9470891352e-04    1.0000028906e+05
    4.2249175021e-04    1.0001002344e+05
    4.5027161832e-04    1.0000153125e+05
    4.7804549104e-04    1.0000164844e+05
    5.0581363030e-04    9.9991976562e+04
    5.3357944125e-04    1.0000094531e+05
    5.6134146871e-04    1.0000128906e+05
    5.8909942163e-04    1.0000078906e+05
    6.1685312539e-04    9.9995945312e+04
    6.4460188150e-04    1.0000078906e+05
    6.7234638846e-04    1.0001058594e+05
    7.0008635521e-04    1.0000184375e+05
    7.2782178177e-04    9.9997093750e+04
    7.5555208605e-04    9.9992039062e+04
    7.8327720985e-04    1.0000090625e+05
    8.1099680392e-04    1.0000597656e+05
    8.3871174138e-04    1.0000169531e+05
    8.6642213864e-04    9.9997398438e+04
    8.9412782108e-04    9.9991882812e+04
    9.2182843946e-04    9.9991125000e+04
    9.4952445943e-04    1.0000094531e+05
    9.7721535712e-04    1.0001112500e+05
    1.0049008997e-03    1.0000262500e+05
    1.0325826006e-03    9.9998085938e+04
    1.0602590628e-03    1.0000252344e+05
    1.0879321489e-03    1.0000307031e+05
    1.1155996472e-03    1.0000771094e+05
    1.1432634201e-03    1.0000297656e+05
    1.1709230021e-03    9.9990093750e+04
    1.1985785095e-03    9.9985843750e+04
    1.2262313394e-03    9.9994101562e+04
    1.2538790470e-03    1.0000916406e+05
    1.2815232622e-03    1.0000663281e+05
    1.3091630535e-03    1.0000361719e+05
    1.3368004002e-03    1.0000625781e+05
    1.3644339051e-03    1.0001080469e+05
    1.3920635683e-03    1.0002572656e+05
    1.4196902048e-03    1.0005300781e+05
    1.4473132323e-03    1.0010037500e+05
    1.4749332331e-03    1.0018958594e+05
    1.5025498578e-03    1.0032450000e+05
    1.5301633393e-03    1.0052028906e+05
    1.5577742597e-03    1.0077266406e+05
    1.5853822697e-03    1.0109303906e+05
    1.6129877185e-03    1.0146200781e+05
    1.6405890929e-03    1.0186581250e+05
    1.6681876732e-03    1.0225964844e+05
    1.6957829939e-03    1.0260094531e+05
    1.7233766848e-03    1.0287331250e+05
    1.7509678146e-03    1.0304694531e+05
    1.7785291420e-03    1.0313269531e+05
    1.8060547300e-03    1.0313067969e+05
    1.8335470231e-03    1.0305816406e+05
    1.8610082334e-03    1.0292196094e+05
    1.8884401070e-03    1.0275180469e+05
    1.9158447394e-03    1.0258044531e+05
    1.9432241097e-03    1.0241630469e+05
    1.9705800805e-03    1.0229739844e+05
    1.9979148638e-03    1.0222247656e+05
    2.0252298564e-03    1.0219408594e+05
    2.0525271539e-03    1.0221242969e+05
    2.0798076876e-03    1.0226857031e+05
    2.1070730872e-03    1.0234499219e+05
    2.1343247499e-03    1.0242021094e+05
    2.1615643054e-03    1.0247861719e+05
    2.1887931507e-03    1.0252447656e+05
    2.2160108201e-03    1.0254339844e+05
    2.2432196420e-03    1.0253919531e+05
    2.2704207804e-03    1.0251782031e+05
    2.2976147011e-03    1.0248457031e+05
    2.3248014040e-03    1.0244805469e+05
    2.3519827519e-03    1.0240999219e+05
    2.3791582789e-03    1.0239050781e+05
    2.4063293822e-03    1.0238489844e+05
    2.4334960617e-03    1.0238805469e+05
    2.4606597144e-03    1.0239961719e+05
    2.4878205732e-03    1.0240946094e+05
    2.5149781723e-03    1.0242387500e+05
    2.5421329774e-03    1.0244159375e+05
    2.5692859199e-03    1.0244714844e+05
    2.5964374654e-03    1.0244541406e+05
    2.6235871483e-03    1.0244553125e+05
    2.6507352013e-03    1.0243538281e+05
    2.6778825559e-03    1.0243347656e+05
    2.7050296776e-03    1.0242210156e+05
    2.7321761008e-03    1.0241571094e+05
    2.7593218256e-03    1.0240990625e+05
    2.7864677832e-03    1.0241990625e+05
    2.8136142064e-03    1.0242916406e+05
    2.8407603968e-03    1.0243541406e+05
    2.8679079842e-03    1.0244421094e+05
    2.8950548731e-03    1.0246287500e+05
    2.9222022276e-03    1.0248227344e+05
    2.9493502807e-03    1.0252253906e+05
    2.9764990322e-03    1.0257159375e+05
    3.0036487151e-03    1.0263969531e+05
    3.0307997949e-03    1.0272231250e+05
    3.0579508748e-03    1.0281096094e+05
    3.0851035845e-03    1.0291394531e+05
    3.1122572254e-03    1.0302424219e+05
    3.1394117977e-03    1.0312203125e+05
    3.1665677670e-03    1.0320430469e+05
    3.1937246677e-03    1.0326849219e+05
    3.2208829653e-03    1.0329783594e+05
    3.2480424270e-03    1.0330334375e+05
    3.2752046827e-03    1.0329071094e+05
    3.2952371985e-03    1.0325825781e+05
    3.3145032357e-03    1.0322664844e+05
    3.3336398192e-03    1.0318628125e+05
    3.3528339118e-03    1.0314350781e+05
    3.3720366191e-03    1.0309961719e+05
    3.3912549261e-03    1.0305710156e+05
    3.4104890656e-03    1.0301466406e+05
    3.4297339153e-03    1.0297953906e+05
    3.4486323129e-03    1.0293114844e+05
    3.4671388566e-03    1.0288146094e+05
    3.4854323603e-03    1.0283191406e+05
    3.5036695190e-03    1.0277162500e+05
    3.5219141282e-03    1.0270714844e+05
    3.5401545465e-03    1.0263391406e+05
    3.5583588760e-03    1.0256607031e+05
    3.5765271168e-03    1.0249759375e+05
    3.5946895368e-03    1.0243867969e+05
    3.6139658187e-03    1.0238387500e+05
    3.6330535077e-03    1.0233372656e+05
    3.6521453876e-03    1.0229436719e+05
    3.6699753255e-03    1.0226702344e+05
    3.6875614896e-03    1.0225286719e+05
    3.7050142419e-03    1.0224497656e+05
    3.7224807311e-03    1.0223966406e+05
    3.7400643341e-03    1.0224871094e+05
    3.7577797193e-03    1.0225850000e+05
    3.7755726371e-03    1.0227402344e+05
    3.7933769636e-03    1.0230053906e+05
    3.8111612666e-03    1.0232810156e+05
    3.8289318327e-03    1.0236715625e+05
    3.8467168342e-03    1.0241496875e+05
    3.8645383902e-03    1.0246993750e+05
    3.8824023213e-03    1.0253377344e+05
    3.9002960548e-03    1.0259921875e+05
    3.9182156324e-03    1.0266525781e+05
    3.9361710660e-03    1.0273619531e+05
    3.9541716687e-03    1.0281536719e+05
    3.9733103476e-03    1.0288791406e+05
    3.9924201556e-03    1.0296922656e+05
    4.0104058571e-03    1.0304058594e+05
    4.0284004062e-03    1.0310797656e+05
    4.0464363992e-03    1.0317222656e+05
    4.0656095371e-03    1.0322735156e+05
    4.0847789496e-03    1.0327716406e+05
    4.1039343923e-03    1.0330277344e+05
    4.1219722480e-03    1.0331391406e+05
    4.1400394402e-03    1.0330382031e+05
    4.1591953486e-03    1.0328239844e+05
    4.1784178466e-03    1.0323950000e+05
    4.1976389475e-03    1.0317310156e+05
    4.2168586515e-03    1.0309214844e+05
    4.2360713705e-03    1.0299444531e+05
    4.2552771047e-03    1.0287669531e+05
    4.2744791135e-03    1.0274446094e+05
    4.2936825193e-03    1.0259902344e+05
    4.3128933758e-03    1.0244360156e+05
    4.3321144767e-03    1.0228328125e+05
    4.3513495475e-03    1.0211664844e+05
    4.3705995195e-03    1.0195496875e+05
    4.3898657896e-03    1.0180267969e+05
    4.4091497548e-03    1.0164990625e+05
    4.4284537435e-03    1.0150446094e+05
    4.4477786869e-03    1.0136316406e+05
    4.4671236537e-03    1.0123122656e+05
    4.4864914380e-03    1.0110250000e+05
    4.5058806427e-03    1.0098834375e+05
    4.5252908021e-03    1.0087719531e+05
    4.5447219163e-03    1.0077788281e+05
    4.5641721226e-03    1.0067878906e+05
    4.5836409554e-03    1.0058409375e+05
    4.6031279489e-03    1.0048839844e+05
    4.6226321720e-03    1.0039156250e+05
    4.6421540901e-03    1.0029359375e+05
    4.6616927721e-03    1.0020183594e+05
    4.6812482178e-03    1.0011300781e+05
    4.7008208930e-03    1.0003039844e+05
    4.7204112634e-03    9.9955062500e+04
    4.7400193289e-03    9.9887960938e+04
    4.7596455552e-03    9.9825085938e+04
    4.7792894766e-03    9.9776085938e+04
    4.7989510931e-03    9.9736218750e+04
    4.8186304048e-03    9.9721093750e+04
    4.8383255489e-03    9.9710835938e+04
    4.8580355942e-03    9.9714250000e+04
    4.8777610064e-03    9.9730742188e+04
    4.8975008540e-03    9.9759085938e+04
    4.9172551371e-03    9.9784468750e+04
    4.9370229244e-03    9.9812164062e+04
    4.9568060786e-03    9.9842968750e+04
    4.9766036682e-03    9.9863804688e+04
    4.9964170903e-03    9.9889023438e+04
    5.0162458792e-03    9.9902429688e+04
    5.0360900350e-03    9.9911093750e+04
    5.0559476949e-03    9.9915054688e+04
    5.0758207217e-03    9.9911570312e+04
    5.0957072526e-03    9.9905601562e+04
    5.1156077534e-03    9.9895039062e+04
    5.1355226897e-03    9.9880273438e+04
    5.1554525271e-03    9.9862007812e+04
    5.1753963344e-03    9.9845804688e+04
    5.1953555085e-03    9.9837085938e+04
    5.2153295837e-03    9.9828062500e+04
    5.2353194915e-03    9.9824164062e+04
    5.2553247660e-03    9.9826476562e+04
    5.2753463387e-03    9.9843773438e+04
    5.2953832783e-03    9.9856437500e+04
    5.3154369816e-03    9.9882164062e+04
    5.3355065174e-03    9.9915835938e+04
    5.3555918857e-03    9.9948906250e+04
    5.3756926209e-03    9.9987460938e+04
    5.3958082572e-03    1.0002625000e+05
    5.4159392603e-03    1.0006421094e+05
    5.4360851645e-03    1.0010325781e+05
    5.4562464356e-03    1.0013740625e+05
    5.4764230736e-03    1.0016903125e+05
    5.4966160096e-03    1.0019306250e+05
    5.5168238468e-03    1.0021808594e+05
    5.5370470509e-03    1.0023527344e+05
    5.5572865531e-03    1.0025597656e+05
    5.5775423534e-03    1.0027141406e+05
    5.5978130549e-03    1.0028353125e+05
    5.6181000546e-03    1.0029939844e+05
    5.6384028867e-03    1.0030546094e+05
    5.6587206200e-03    1.0031474219e+05
    5.6790532544e-03    1.0032408594e+05
    5.6994007900e-03    1.0033538281e+05
    5.7197632268e-03    1.0034653906e+05
    5.7401410304e-03    1.0036047656e+05
    5.7605337352e-03    1.0037444531e+05
    5.7809422724e-03    1.0038889844e+05
    5.8013652451e-03    1.0041383594e+05
    5.8218040504e-03    1.0044934375e+05
    5.8422577567e-03    1.0052161719e+05
    5.8627268299e-03    1.0067914844e+05
    5.8832112700e-03    1.0102978125e+05
    5.9037101455e-03    1.0182805469e+05
    5.9242248535e-03    1.0358037500e+05
    5.9447535314e-03    1.0709616406e+05
    5.9641525149e-03    1.1329397656e+05
    5.9830932878e-03    1.2204489844e+05
    6.0020405799e-03    1.3283532812e+05
    6.0210367665e-03    1.4448728125e+05
    6.0400799848e-03    1.5520760938e+05
    6.0591096990e-03    1.6344818750e+05
    6.0781282373e-03    1.6856464062e+05
    6.0972142965e-03    1.7080967188e+05
    6.1162756756e-03    1.7101021875e+05
    6.1353649944e-03    1.7007407812e+05
    6.1544459313e-03    1.6871345312e+05
    6.1734300107e-03    1.6741146875e+05
    6.1924448237e-03    1.6622879688e+05
    6.2115197070e-03    1.6507710938e+05
    6.2306127511e-03    1.6381682812e+05
    6.2497169711e-03    1.6236223438e+05
    6.2688281760e-03    1.6073059375e+05
    6.2879407778e-03    1.5894887500e+05
    6.3070552424e-03    1.5709540625e+05
    6.3261794858e-03    1.5524676562e+05
    6.3453060575e-03    1.5345757812e+05
    6.3644465990e-03    1.5174575000e+05
    6.3835908659e-03    1.5011787500e+05
    6.4027444459e-03    1.4856353125e+05
    6.4219115302e-03    1.4705654688e+05
    6.4410855994e-03    1.4558201562e+05
    6.4602680504e-03    1.4414018750e+05
    6.4794607460e-03    1.4274665625e+05
    6.4986641519e-03    1.4140429688e+05
    6.5178787336e-03    1.4014340625e+05
    6.5371058881e-03    1.3895471875e+05
    6.5563363023e-03    1.3784843750e+05
    6.5755699761e-03    1.3681546875e+05
    6.5948092379e-03    1.3583645312e+05
    6.6140629351e-03    1.3491478125e+05
    6.6333152354e-03    1.3403551562e+05
    6.6525745206e-03    1.3320332812e+05
    6.6718445159e-03    1.3240534375e+05
    6.6911154427e-03    1.3164664062e+05
    6.7104012705e-03    1.3093168750e+05
    6.7296870984e-03    1.3023189844e+05
    6.7489854991e-03    1.2957168750e+05
    6.7682852969e-03    1.2892859375e+05
    6.7875892855e-03    1.2830921094e+05
    6.8069072440e-03    1.2771268750e+05
    6.8262196146e-03    1.2713100781e+05
    6.8455408327e-03    1.2656784375e+05
    6.8648783490e-03    1.2602533594e+05
    6.8842126057e-03    1.2550096094e+05
    6.9035501219e-03    1.2499503125e+05
    6.9228983484e-03    1.2451407031e+05
    6.9422605447e-03    1.2405416406e+05
    6.9616222754e-03    1.2361312500e+05
    6.9809844717e-03    1.2318835156e+05
    7.0003494620e-03    1.2278478906e+05
    7.0197195746e-03    1.2239652344e+05
    7.0390999317e-03    1.2202027344e+05
    7.0584909990e-03    1.2166435156e+05
    7.0778946392e-03    1.2132364844e+05
    7.0973108523e-03    1.2099983594e+05
    7.1167377755e-03    1.2068239844e+05
    7.1361698210e-03    1.2038675000e+05
    7.1556069888e-03    1.2010164844e+05
    7.1750483476e-03    1.1982778125e+05
    7.1944966912e-03    1.1956384375e+05
    7.2139529511e-03    1.1932182031e+05
    7.2334166616e-03    1.1908987500e+05
    7.2528840974e-03    1.1886257031e+05
    7.2723543271e-03    1.1865816406e+05
    7.2918278165e-03    1.1846052344e+05
    7.3113050312e-03    1.1827175781e+05
    7.3307845742e-03    1.1809618750e+05
    7.3502692394e-03    1.1793616406e+05
    7.3697618209e-03    1.1778050000e+05
    7.3892641813e-03    1.1762768750e+05
    7.4087800458e-03    1.1748241406e+05
    7.4282912537e-03    1.1733793750e+05
    7.4477996677e-03    1.1718542969e+05
    7.4673094787e-03    1.1703621875e+05
    7.4868267402e-03    1.1688443750e+05
    7.5063589029e-03    1.1672103906e+05
    7.5258887373e-03    1.1656102344e+05
    7.5454111211e-03    1.1639521875e+05
    7.5649353676e-03    1.1622641406e+05
    7.5844703242e-03    1.1606416406e+05
    7.6040057465e-03    1.1589241406e+05
    7.6235276647e-03    1.1571600000e+05
    7.6430505142e-03    1.1554746875e+05
    7.6625877991e-03    1.1537277344e+05
    7.6821087860e-03    1.1519037500e+05
    7.7016241848e-03    1.1500183594e+05
    7.7211544849e-03    1.1479996094e+05
    7.7406810597e-03    1.1458268750e+05
    7.7602043748e-03    1.1435185156e+05
    7.7797495760e-03    1.1409747656e+05
    7.7992938459e-03    1.1382121875e+05
    7.8188432381e-03    1.1352457031e+05
    7.8384252265e-03    1.1321062500e+05
    7.8580006957e-03    1.1288108594e+05
    7.8775910661e-03    1.1253739844e+05
    7.8972103074e-03    1.1218084375e+05
    7.9168286175e-03    1.1181324219e+05
    7.9364804551e-03    1.1143966406e+05
    7.9561360180e-03    1.1107240625e+05
    7.9758102074e-03    1.1071490625e+05
    7.9955114052e-03    1.1036737500e+05
    8.0152126029e-03    1.1004243750e+05
    8.0349491909e-03    1.0973294531e+05
    8.0546662211e-03    1.0945322656e+05
    8.0743944272e-03    1.0919881250e+05
    8.0941170454e-03    1.0896569531e+05
    8.1138620153e-03    1.0876210156e+05
    8.1336386502e-03    1.0858091406e+05
    8.1534720957e-03    1.0842065625e+05
    8.1733558327e-03    1.0827375781e+05
    8.1932730973e-03    1.0814655469e+05
    8.2132071257e-03    1.0803077344e+05
    8.2330890000e-03    1.0792292969e+05
    8.2529615611e-03    1.0783280469e+05
    8.2727763802e-03    1.0774747656e+05
    8.2926023751e-03    1.0767107031e+05
    8.3124246448e-03    1.0759281250e+05
    8.3322748542e-03    1.0752335156e+05
    8.3521194756e-03    1.0746242969e+05
    8.3719678223e-03    1.0741161719e+05
    8.3917891607e-03    1.0737332031e+05
    8.4116021171e-03    1.0734612500e+05
    8.4314141423e-03    1.0732781250e+05
    8.4512168542e-03    1.0732111719e+05
    8.4710381925e-03    1.0732117969e+05
    8.4908353165e-03    1.0732794531e+05
    8.5106678307e-03    1.0734787500e+05
    8.5304882377e-03    1.0737233594e+05
    8.5503393784e-03    1.0740257031e+05
    8.5699046031e-03    1.0743997656e+05
    8.5892248899e-03    1.0747222656e+05
    8.6083402857e-03    1.0749862500e+05
    8.6272666231e-03    1.0752019531e+05
    8.6460309103e-03    1.0753265625e+05
    8.6646731943e-03    1.0753678906e+05
    8.6832325906e-03    1.0753521094e+05
    8.7017398328e-03    1.0753091406e+05
    8.7202098221e-03    1.0751981250e+05
    8.7386453524e-03    1.0750034375e+05
    8.7570473552e-03    1.0747563281e+05
    8.7753897533e-03    1.0745094531e+05
    8.7936492637e-03    1.0742203906e+05
    8.8118780404e-03    1.0739903906e+05
    8.8300397620e-03    1.0737003906e+05
    8.8481390849e-03    1.0734696094e+05
    8.8662039489e-03    1.0732921094e+05
    8.8842641562e-03    1.0731292969e+05
    8.9023411274e-03    1.0730103906e+05
    8.9204348624e-03    1.0729324219e+05
    8.9385388419e-03    1.0728759375e+05
    8.9566456154e-03    1.0728581250e+05
    8.9747514576e-03    1.0729425000e+05
    8.9928600937e-03    1.0729914844e+05
    9.0109808370e-03    1.0730787500e+05
    9.0291155502e-03    1.0732016406e+05
    9.0472688898e-03    1.0732558594e+05
    9.0654399246e-03    1.0733272656e+05
    9.0836230665e-03    1.0733627344e+05
    9.1018192470e-03    1.0733127344e+05
    9.1200266033e-03    1.0732590625e+05
    9.1382460669e-03    1.0731096875e+05
    9.1564757749e-03    1.0728800000e+05
    9.1747231781e-03    1.0726240625e+05
    9.1929892078e-03    1.0722857031e+05
    9.2112747952e-03    1.0719366406e+05
    9.2295790091e-03    1.0714663281e+05
    9.2479009181e-03    1.0710562500e+05
    9.2662386596e-03    1.0705389844e+05
    9.2845931649e-03    1.0699978125e+05
    9.3029672280e-03    1.0694491406e+05
    9.3213599175e-03    1.0688597656e+05
    9.3397712335e-03    1.0682475000e+05
    9.3582011759e-03    1.0676347656e+05
    9.3766497448e-03    1.0670525781e+05
    9.3951150775e-03    1.0664555469e+05
    9.4135999680e-03    1.0658452344e+05
    9.4321016222e-03    1.0652713281e+05
    9.4506228343e-03    1.0646585156e+05
    9.4691645354e-03    1.0641255469e+05
    9.4877239317e-03    1.0635603906e+05
    9.5063010231e-03    1.0629814844e+05
    9.5248948783e-03    1.0624500781e+05
    9.5435054973e-03    1.0619563281e+05
    9.5621328801e-03    1.0613835156e+05
    9.5807760954e-03    1.0608590625e+05
    9.5994332805e-03    1.0603464844e+05
    9.6181081608e-03    1.0598310156e+05
    9.6367979422e-03    1.0592899219e+05
    9.6555035561e-03    1.0588471094e+05
    9.6742231399e-03    1.0583835156e+05
    9.6929576248e-03    1.0579790625e+05
    9.7117051482e-03    1.0575121875e+05
    9.7304685041e-03    1.0570905469e+05
    9.7492448986e-03    1.0565825000e+05
    9.7680361941e-03    1.0560238281e+05
    9.7868405282e-03    1.0555375781e+05
    9.8056588322e-03    1.0550508594e+05
    9.8244920373e-03    1.0545014844e+05
    9.8433364183e-03    1.0540060156e+05
    9.8621929064e-03    1.0535389844e+05
    9.8810633644e-03    1.0530809375e+05
    9.8999459296e-03    1.0525766406e+05
    9.9188406020e-03    1.0521150000e+05
    9.9377483130e-03    1.0515580469e+05
    9.9566690624e-03    1.0510950000e+05
    9.9756028503e-03    1.0506282031e+05
    9.9945487455e-03    1.0501058594e+05
    1.0013507679e-02    1.0495812500e+05
    1.0032479651e-02    1.0490125781e+05
    1.0051463731e-02    1.0484322656e+05
    1.0070459917e-02    1.0478131250e+05
    1.0089469142e-02    1.0471278906e+05
    1.0108492337e-02    1.0463736719e+05
    1.0127528571e-02    1.0455928906e+05
    1.0146577843e-02    1.0447303906e+05
    1.0165639222e-02    1.0437957031e+05
    1.0184712708e-02    1.0428257031e+05
    1.0203798302e-02    1.0417783594e+05
    1.0222896002e-02    1.0407380469e+05
    1.0242006741e-02    1.0396185156e+05
    1.0261129588e-02    1.0385065625e+05
    1.0280264542e-02    1.0374100781e+05
    1.0299413465e-02    1.0362703906e+05
    1.0318575427e-02    1.0352649219e+05
    1.0337748565e-02    1.0343158594e+05
    1.0356934741e-02    1.0335227344e+05
    1.0376133956e-02    1.0328430469e+05
    1.0395346209e-02    1.0323335156e+05
    1.0414571501e-02    1.0319203125e+05
    1.0433809832e-02    1.0315978906e+05
    1.0453061201e-02    1.0313435156e+05
    1.0472324677e-02    1.0311925781e+05
    1.0491601191e-02    1.0310093750e+05
    1.0510892607e-02    1.0308371094e+05
    1.0530196130e-02    1.0307024219e+05
    1.0549513623e-02    1.0305175781e+05
    1.0568842292e-02    1.0303007031e+05
    1.0588183999e-02    1.0300658594e+05
    1.0607538745e-02    1.0298140625e+05
    1.0626907460e-02    1.0295733594e+05
    1.0646289214e-02    1.0293105469e+05
    1.0665684007e-02    1.0291125000e+05
    1.0685092770e-02    1.0289196875e+05
    1.0704516433e-02    1.0287431250e+05
    1.0723951273e-02    1.0285675781e+05
    1.0743400082e-02    1.0284480469e+05
    1.0762862861e-02    1.0283786719e+05
    1.0782338679e-02    1.0282617969e+05
    1.0801829398e-02    1.0281457031e+05
    1.0821334086e-02    1.0279824219e+05
    1.0840852745e-02    1.0277518750e+05
    1.0860386305e-02    1.0274125781e+05
    1.0879932903e-02    1.0270507031e+05
    1.0899493471e-02    1.0266677344e+05
    1.0919069871e-02    1.0262228906e+05
    1.0938662104e-02    1.0258046094e+05
    1.0958270170e-02    1.0254282031e+05
    1.0977892205e-02    1.0250432031e+05
    1.0997531936e-02    1.0247153906e+05
    1.1017187499e-02    1.0244950781e+05
    1.1036860757e-02    1.0242489844e+05
    1.1056551710e-02    1.0240781250e+05
    1.1076259427e-02    1.0238842969e+05
    1.1095987633e-02    1.0237191406e+05
    1.1115733534e-02    1.0235642969e+05
    1.1135498993e-02    1.0233839844e+05
    1.1155283079e-02    1.0233084375e+05
    1.1175086722e-02    1.0232541406e+05
    1.1194912717e-02    1.0232225781e+05
    1.1214758269e-02    1.0232546094e+05
    1.1234625243e-02    1.0232946094e+05
    1.1254511774e-02    1.0233505469e+05
    1.1274418794e-02    1.0232985156e+05
    1.1294347234e-02    1.0232635156e+05
    1.1314296164e-02    1.0231253906e+05
    1.1334266514e-02    1.0230338281e+05
    1.1354257353e-02    1.0228840625e+05
    1.1374268681e-02    1.0227371094e+05
    1.1394302361e-02    1.0225039844e+05
    1.1414355598e-02    1.0222033594e+05
    1.1434430256e-02    1.0218489844e+05
    1.1454525404e-02    1.0214399219e+05
    1.1474640109e-02    1.0209967969e+05
    1.1494777165e-02    1.0204247656e+05
    1.1514934711e-02    1.0199218750e+05
    1.1535113677e-02    1.0194916406e+05
    1.1555313133e-02    1.0190549219e+05
    1.1575534008e-02    1.0187137500e+05
    1.1595774442e-02    1.0186042969e+05
    1.1616035365e-02    1.0187303125e+05
    1.1636316776e-02    1.0194287500e+05
    1.1656619608e-02    1.0206902344e+05
    1.1676942930e-02    1.0227182031e+05
    1.1697287671e-02    1.0257783594e+05
    1.1717652902e-02    1.0300178125e+05
    1.1738038622e-02    1.0356288281e+05
    1.1758443899e-02    1.0428436719e+05
    1.1778870597e-02    1.0516633594e+05
    1.1799318716e-02    1.0619878906e+05
    1.1819788255e-02    1.0734241406e+05
    1.1840280145e-02    1.0853589844e+05
    1.1860790662e-02    1.0969432031e+05
    1.1881321669e-02    1.1073541406e+05
    1.1901874095e-02    1.1157572656e+05
    1.1922447011e-02    1.1215421094e+05
    1.1943042278e-02    1.1245297656e+05
    1.1963658035e-02    1.1247659375e+05
    1.1984295212e-02    1.1224899219e+05
    1.2004952878e-02    1.1181071875e+05
    1.2025631964e-02    1.1121811719e+05
    1.2046331540e-02    1.1053532031e+05
    1.2067052536e-02    1.0980999219e+05
    1.2087795883e-02    1.0909836719e+05
    1.2108558789e-02    1.0843478906e+05
    1.2129344046e-02    1.0786053906e+05
    1.2150149792e-02    1.0738191406e+05
    1.2170976959e-02    1.0698035156e+05
    1.2191825546e-02    1.0664246094e+05
    1.2212695554e-02    1.0632396875e+05
    1.2233586982e-02    1.0598622656e+05
    1.2254500762e-02    1.0560753906e+05
    1.2275436893e-02    1.0516766406e+05
    1.2296394445e-02    1.0467853906e+05
    1.2317374349e-02    1.0415502344e+05
    1.2338375673e-02    1.0360555469e+05
    1.2359398417e-02    1.0305952344e+05
    1.2380442582e-02    1.0253241406e+05
    1.2401508167e-02    1.0203978125e+05
    1.2422595173e-02    1.0160321875e+05
    1.2443703599e-02    1.0121908594e+05
    1.2464834377e-02    1.0088908594e+05
    1.2485986575e-02    1.0061108594e+05
    1.2507158332e-02    1.0037278906e+05
    1.2528351508e-02    1.0016213281e+05
    1.2549565174e-02    9.9971101562e+04
    1.2570801191e-02    9.9792500000e+04
    1.2592058629e-02    9.9626289062e+04
    1.2613337487e-02    9.9475476562e+04
    1.2634636834e-02    9.9340281250e+04
    1.2655957602e-02    9.9227664062e+04
    1.2677297927e-02    9.9132031250e+04
    1.2698660605e-02    9.9057882812e+04
    1.2720043771e-02    9.9007929688e+04
    1.2741449289e-02    9.8984875000e+04
    1.2762876227e-02    9.8981851562e+04
    1.2784325518e-02    9.8989195312e+04
    1.2805794366e-02    9.9011039062e+04
    1.2827285565e-02    9.9020023438e+04
    1.2848797254e-02    9.9021789062e+04
    1.2870330364e-02    9.8998437500e+04
    1.2891885825e-02    9.8953242188e+04
    1.2913462706e-02    9.8889914062e+04
    1.2935061008e-02    9.8809429688e+04
    1.2956679799e-02    9.8729406250e+04
    1.2978320010e-02    9.8649835938e+04
    1.2999981642e-02    9.8587835938e+04
    1.3021663763e-02    9.8553804688e+04
    1.3043368235e-02    9.8554476562e+04
    1.3065092266e-02    9.8588585938e+04
    1.3086837716e-02    9.8660726562e+04
    1.3108605519e-02    9.8750382812e+04
    1.3130392879e-02    9.8848726562e+04
    1.3152201660e-02    9.8943351562e+04
    1.3174032792e-02    9.9022179688e+04
    1.3195885345e-02    9.9082187500e+04
    1.3217759319e-02    9.9123023438e+04
    1.3239653781e-02    9.9149187500e+04
    1.3261569664e-02    9.9171437500e+04
    1.3283506967e-02    9.9192164062e+04
    1.3305463828e-02    9.9220101562e+04
    1.3327440247e-02    9.9254023438e+04
    1.3349435292e-02    9.9300914062e+04
    1.3371448033e-02    9.9359164062e+04
    1.3393475674e-02    9.9426343750e+04
    1.3415516354e-02    9.9497773438e+04
    1.3437564485e-02    9.9572773438e+04
    1.3459613547e-02    9.9646867188e+04
    1.3481658883e-02    9.9708773438e+04
    1.3503690250e-02    9.9772367188e+04
    1.3525702059e-02    9.9836835938e+04
    1.3547683135e-02    9.9891304688e+04
    1.3569628820e-02    9.9941562500e+04
    1.3591531664e-02    9.9999601562e+04
    1.3613392599e-02    1.0005017969e+05
    1.3635210693e-02    1.0010585156e+05
    1.3656994328e-02    1.0016852344e+05
    1.3678749092e-02    1.0024084375e+05
    1.3700488023e-02    1.0031127344e+05
    1.3722228818e-02    1.0039178125e+05
    1.3743981719e-02    1.0047602344e+05
    1.3765762560e-02    1.0056350781e+05
    1.3787578791e-02    1.0064941406e+05
    1.3809437864e-02    1.0073414844e+05
    1.3831341639e-02    1.0082343750e+05
    1.3853288256e-02    1.0090992969e+05
    1.3875273056e-02    1.0099830469e+05
    1.3897285797e-02    1.0107716406e+05
    1.3919321820e-02    1.0114903125e+05
    1.3941374607e-02    1.0121789844e+05
    1.3963440433e-02    1.0127711719e+05
    1.3985517435e-02    1.0133135156e+05
    1.4007603750e-02    1.0137072656e+05
    1.4029704034e-02    1.0140990625e+05
    1.4051820152e-02    1.0143965625e+05
    1.4073957689e-02    1.0145466406e+05
    1.4096121304e-02    1.0146303906e+05
    1.4118315652e-02    1.0146224219e+05
    1.4140545391e-02    1.0144888281e+05
    1.4162814245e-02    1.0143014844e+05
    1.4185124077e-02    1.0140916406e+05
    1.4207473956e-02    1.0139203906e+05
    1.4229862019e-02    1.0136021094e+05
    1.4252286404e-02    1.0132521875e+05
    1.4274741523e-02    1.0128950000e+05
    1.4297228307e-02    1.0124744531e+05
    1.4319745824e-02    1.0120006250e+05
    1.4342290349e-02    1.0115060156e+05
    1.4364863746e-02    1.0110175781e+05
    1.4387467876e-02    1.0104810156e+05
    1.4410103671e-02    1.0099596094e+05
    1.4432771131e-02    1.0094062500e+05
    1.4455472119e-02    1.0089184375e+05
    1.4478209428e-02    1.0083814844e+05
    1.4500979334e-02    1.0078508594e+05
    1.4523783699e-02    1.0073049219e+05
    1.4546621591e-02    1.0067927344e+05
    1.4569494873e-02    1.0063391406e+05
    1.4592399821e-02    1.0059175781e+05
    1.4615339227e-02    1.0055675000e+05
    1.4638305642e-02    1.0052247656e+05
    1.4661304653e-02    1.0048814844e+05
    1.4684336260e-02    1.0046233594e+05
    1.4707398601e-02    1.0044143750e+05
    1.4730494469e-02    1.0042978906e+05
    1.4753622934e-02    1.0042899219e+05
    1.4776783995e-02    1.0042824219e+05
    1.4799979515e-02    1.0043500781e+05
    1.4823205769e-02    1.0045215625e+05
    1.4846466482e-02    1.0047255469e+05
    1.4869757928e-02    1.0049886719e+05
    1.4893081971e-02    1.0053596875e+05
    1.4916437678e-02    1.0057721094e+05
    1.4939822257e-02    1.0063191406e+05
    1.4963239431e-02    1.0068535156e+05
    1.4986685477e-02    1.0074514844e+05
    1.5010161325e-02    1.0080127344e+05
    1.5033668838e-02    1.0086321094e+05
    1.5057205223e-02    1.0091978125e+05
    1.5080772340e-02    1.0097453125e+05
    1.5104367398e-02    1.0101727344e+05
    1.5127992257e-02    1.0105550000e+05
    1.5151646920e-02    1.0107975000e+05
    1.5175330453e-02    1.0109425000e+05
    1.5199041925e-02    1.0110591406e+05
    1.5222782269e-02    1.0110434375e+05
    1.5246548690e-02    1.0110092969e+05
    1.5270343982e-02    1.0108808594e+05
    1.5294168144e-02    1.0107547656e+05
    1.5318016522e-02    1.0106466406e+05
    1.5341891907e-02    1.0105342969e+05
    1.5365792438e-02    1.0104325000e+05
    1.5389721841e-02    1.0103710156e+05
    1.5413676389e-02    1.0103685156e+05
    1.5437657945e-02    1.0103796094e+05
    1.5461664647e-02    1.0104031250e+05
    1.5485695563e-02    1.0104808594e+05
    1.5509752557e-02    1.0106172656e+05
    1.5533835627e-02    1.0107584375e+05
    1.5557944775e-02    1.0109461719e+05
    1.5582079068e-02    1.0110560156e+05
    1.5606240369e-02    1.0112182031e+05
    1.5630424023e-02    1.0113989844e+05
    1.5654634684e-02    1.0115852344e+05
    1.5678871423e-02    1.0118435156e+05
    1.5703132376e-02    1.0120708594e+05
    1.5727419406e-02    1.0123041406e+05
    1.5751728788e-02    1.0125891406e+05
    1.5776060522e-02    1.0127150781e+05
    1.5800418332e-02    1.0129353906e+05
    1.5824800357e-02    1.0131577344e+05
    1.5849204734e-02    1.0133352344e+05
    1.5873633325e-02    1.0134665625e+05
    1.5898084268e-02    1.0135502344e+05
    1.5922557563e-02    1.0136752344e+05
    1.5947058797e-02    1.0137730469e+05
    1.5971582383e-02    1.0138233594e+05
    1.5996130183e-02    1.0139436719e+05
    1.6020702198e-02    1.0140122656e+05
    1.6045298427e-02    1.0140953906e+05
    1.6069920734e-02    1.0141516406e+05
    1.6094569117e-02    1.0142575781e+05
    1.6119243577e-02    1.0143867969e+05
    1.6143942252e-02    1.0144252344e+05
    1.6168667004e-02    1.0145503906e+05
    1.6193419695e-02    1.0145728125e+05
    1.6218200326e-02    1.0146868750e+05
    1.6243007034e-02    1.0147000000e+05
    1.6267839819e-02    1.0147140625e+05
    1.6292702407e-02    1.0148221094e+05
    1.6317596659e-02    1.0148330469e+05
    1.6342513263e-02    1.0149039844e+05
    1.6367461532e-02    1.0149972656e+05
    1.6392435879e-02    1.0151167969e+05
    1.6417443752e-02    1.0152128906e+05
    1.6442479566e-02    1.0153834375e+05
    1.6467543319e-02    1.0155600000e+05
    1.6492636874e-02    1.0157733594e+05
    1.6517756507e-02    1.0160521094e+05
    1.6542907804e-02    1.0162874219e+05
    1.6568088904e-02    1.0165327344e+05
    1.6593271866e-02    1.0168841406e+05
    1.6618426889e-02    1.0171113281e+05
    1.6643559560e-02    1.0173362500e+05
    1.6668669879e-02    1.0176089844e+05
    1.6693757847e-02    1.0177239844e+05
    1.6718825325e-02    1.0178805469e+05
    1.6743874177e-02    1.0180699219e+05
    1.6768900678e-02    1.0182244531e+05
    1.6793908551e-02    1.0183678906e+05
    1.6818899661e-02    1.0184715625e+05
    1.6843874007e-02    1.0186591406e+05
    1.6868829727e-02    1.0186543750e+05
    1.6893770546e-02    1.0187344531e+05
    1.6918692738e-02    1.0187982031e+05
    1.6943598166e-02    1.0188210156e+05
    1.6968490556e-02    1.0187718750e+05
    1.6993366182e-02    1.0187502344e+05
    1.7018226907e-02    1.0186616406e+05
    1.7043072730e-02    1.0186416406e+05
    1.7067901790e-02    1.0186005469e+05
    1.7092714086e-02    1.0185671094e+05
    1.7117511481e-02    1.0184247656e+05
    1.7142292112e-02    1.0183541406e+05
    1.7167057842e-02    1.0182702344e+05
    1.7191808671e-02    1.0182274219e+05
    1.7216544598e-02    1.0182366406e+05
    1.7241263762e-02    1.0182749219e+05
    1.7265968025e-02    1.0182731250e+05
    1.7290659249e-02    1.0182510156e+05
    1.7315333709e-02    1.0182388281e+05
    1.7339993268e-02    1.0183197656e+05
    1.7364639789e-02    1.0184066406e+05
    1.7389267683e-02    1.0184011719e+05
    1.7413880676e-02    1.0184974219e+05
    1.7438478768e-02    1.0186014844e+05
    1.7463061959e-02    1.0186675000e+05
    1.7487626523e-02    1.0188252344e+05
    1.7512176186e-02    1.0190865625e+05
    1.7536709085e-02    1.0193853125e+05
    1.7561223358e-02    1.0198527344e+05
    1.7585720867e-02    1.0204185156e+05
    1.7610201612e-02    1.0211439844e+05
    1.7634663731e-02    1.0220700000e+05
    1.7659107223e-02    1.0231706250e+05
    1.7683532089e-02    1.0243992969e+05
    1.7707940191e-02    1.0258247656e+05
    1.7732329667e-02    1.0273010156e+05
    1.7756698653e-02    1.0287916406e+05
    1.7781050876e-02    1.0302146094e+05
    1.7805384472e-02    1.0315142969e+05
    1.7829699442e-02    1.0325525781e+05
    1.7853999510e-02    1.0333219531e+05
    1.7878280953e-02    1.0337384375e+05
    1.7902545631e-02    1.0336806250e+05
    1.7926793545e-02    1.0331878125e+05
    1.7951028422e-02    1.0323208594e+05
    1.7975246534e-02    1.0310442969e+05
    1.7999447882e-02    1.0292352344e+05
    1.8023636192e-02    1.0270196094e+05
    1.8047811463e-02    1.0244615625e+05
    1.8071975559e-02    1.0216310156e+05
    1.8096126616e-02    1.0188453125e+05
    1.8120266497e-02    1.0160366406e+05
    1.8144397065e-02    1.0134708594e+05
    1.8168520182e-02    1.0112211719e+05
    1.8192630261e-02    1.0092294531e+05
    1.8216732889e-02    1.0075524219e+05
    1.8240824342e-02    1.0062819531e+05
    1.8264908344e-02    1.0053438281e+05
    1.8288983032e-02    1.0046856250e+05
    1.8313048407e-02    1.0042683594e+05
    1.8337102607e-02    1.0040702344e+05
    1.8361147493e-02    1.0041164844e+05
    1.8385183066e-02    1.0043810156e+05
    1.8409207463e-02    1.0048289844e+05
    1.8433224410e-02    1.0054859375e+05
    1.8457230181e-02    1.0062147656e+05
    1.8481226638e-02    1.0070978906e+05
    1.8505210057e-02    1.0079432031e+05
    1.8529184163e-02    1.0088283594e+05
    1.8553148955e-02    1.0096841406e+05
    1.8577100709e-02    1.0105260156e+05
    1.8601041287e-02    1.0113435156e+05
    1.8624972552e-02    1.0121027344e+05
    1.8648892641e-02    1.0127961719e+05
    1.8672801554e-02    1.0133785156e+05
    1.8696699291e-02    1.0138806250e+05
    1.8720587716e-02    1.0143024219e+05
    1.8744463101e-02    1.0147005469e+05
    1.8768329173e-02    1.0150633594e+05
    1.8792184070e-02    1.0155053906e+05
    1.8816027790e-02    1.0159028125e+05
    1.8839860335e-02    1.0163222656e+05
    1.8863683566e-02    1.0168382031e+05
    1.8887493759e-02    1.0174303906e+05
    1.8911294639e-02    1.0180432031e+05
    1.8935086206e-02    1.0187271875e+05
    1.8958866596e-02    1.0194266406e+05
    1.8982635811e-02    1.0201907031e+05
    1.9006397575e-02    1.0209343750e+05
    1.9030146301e-02    1.0216266406e+05
    1.9053885713e-02    1.0223405469e+05
    1.9077615812e-02    1.0231094531e+05
    1.9101334736e-02    1.0237959375e+05
    1.9125042483e-02    1.0244414844e+05
    1.9148740917e-02    1.0250705469e+05
    1.9172428176e-02    1.0257083594e+05
    1.9196104258e-02    1.0263169531e+05
    1.9219771028e-02    1.0269281250e+05
    1.9243424758e-02    1.0274877344e+05
    1.9267069176e-02    1.0279656250e+05
    1.9290700555e-02    1.0283810156e+05
    1.9314322621e-02    1.0287341406e+05
    1.9337931648e-02    1.0289536719e+05
    1.9361529499e-02    1.0290882031e+05
    1.9385114312e-02    1.0291291406e+05
    1.9408687949e-02    1.0291202344e+05
    1.9432250410e-02    1.0290755469e+05
    1.9455801696e-02    1.0289816406e+05
    1.9479339942e-02    1.0287961719e+05
    1.9502865151e-02    1.0286053906e+05
    1.9526379183e-02    1.0283188281e+05
    1.9549878314e-02    1.0280805469e+05
    1.9573366269e-02    1.0277885156e+05
    1.9596841186e-02    1.0274397656e+05
    1.9620303065e-02    1.0270997656e+05
    1.9643751904e-02    1.0268506250e+05
    1.9667187706e-02    1.0265075781e+05
    1.9690606743e-02    1.0262407031e+05
    1.9714014605e-02    1.0259883594e+05
    1.9737409428e-02    1.0256609375e+05
    1.9760791212e-02    1.0254202344e+05
    1.9784159958e-02    1.0252106250e+05
    1.9807513803e-02    1.0249506250e+05
    1.9830854610e-02    1.0247772656e+05
    1.9854182377e-02    1.0245278906e+05
    1.9877497107e-02    1.0243202344e+05
    1.9900798798e-02    1.0241433594e+05
    1.9924087450e-02    1.0238778906e+05
    1.9947361201e-02    1.0236994531e+05
    1.9970623776e-02    1.0236158594e+05
    1.9993871450e-02    1.0234390625e+05
    2.0017107949e-02    1.0232668750e+05
    2.0040329546e-02    1.0230941406e+05
    2.0063538104e-02    1.0229962500e+05
    2.0086731762e-02    1.0228702344e+05
    2.0109914243e-02    1.0228166406e+05
    2.0133081824e-02    1.0226797656e+05
    2.0156236365e-02    1.0225953906e+05
    2.0179376006e-02    1.0225077344e+05
    2.0202504471e-02    1.0224066406e+05
    2.0225618035e-02    1.0223555469e+05
    2.0248720422e-02    1.0222341406e+05
    2.0271807909e-02    1.0221113281e+05
    2.0294882357e-02    1.0220131250e+05
    2.0317947492e-02    1.0218689844e+05
    2.0340997726e-02    1.0217512500e+05
    2.0364036784e-02    1.0216317969e+05
    2.0387060940e-02    1.0214961719e+05
    2.0410073921e-02    1.0213550781e+05
    2.0433073863e-02    1.0211660156e+05
    2.0456060767e-02    1.0209658594e+05
    2.0479036495e-02    1.0208116406e+05
    2.0501999184e-02    1.0206744531e+05
    2.0524948835e-02    1.0205625781e+05
    2.0547885448e-02    1.0204310156e+05
    2.0570809022e-02    1.0203110156e+05
    2.0593719557e-02    1.0201464844e+05
    2.0616617054e-02    1.0199749219e+05
    2.0639499649e-02    1.0197902344e+05
    2.0662369207e-02    1.0196244531e+05
    2.0685223863e-02    1.0195025781e+05
    2.0708063617e-02    1.0193412500e+05
    2.0730890334e-02    1.0191314844e+05
    2.0753700286e-02    1.0188217969e+05
    2.0776495337e-02    1.0186006250e+05
    2.0799275488e-02    1.0183709375e+05
    2.0822042599e-02    1.0181414844e+05
    2.0844791085e-02    1.0179046875e+05
    2.0867524669e-02    1.0176319531e+05
    2.0890241489e-02    1.0174241406e+05
    2.0912945271e-02    1.0171839844e+05
    2.0935632288e-02    1.0170650781e+05
    2.0958306268e-02    1.0168540625e+05
    2.0980965346e-02    1.0166803125e+05
    2.1003607661e-02    1.0166030469e+05
    2.1026238799e-02    1.0165359375e+05
    2.1048855036e-02    1.0165428125e+05
    2.1071458235e-02    1.0165915625e+05
    2.1094048396e-02    1.0167272656e+05
    2.1116625518e-02    1.0168568750e+05
    2.1139191464e-02    1.0171250000e+05
    2.1161744371e-02    1.0174358594e+05
    2.1184286103e-02    1.0177490625e+05
    2.1206818521e-02    1.0181403125e+05
    2.1229337901e-02    1.0185607031e+05
    2.1251846105e-02    1.0189566406e+05
    2.1274344996e-02    1.0194164844e+05
    2.1296832711e-02    1.0198003125e+05
    2.1319312975e-02    1.0202350781e+05
    2.1341778338e-02    1.0206383594e+05
    2.1364232525e-02    1.0210440625e+05
    2.1386675537e-02    1.0214513281e+05
    2.1409107372e-02    1.0217597656e+05
    2.1431528032e-02    1.0221000781e+05
    2.1453931928e-02    1.0223835156e+05
    2.1476324648e-02    1.0226928906e+05
    2.1498700604e-02    1.0228983594e+05
    2.1521063522e-02    1.0230788281e+05
    2.1543409675e-02    1.0232339844e+05
    2.1565740928e-02    1.0233203125e+05
    2.1588053554e-02    1.0234085156e+05
    2.1610351279e-02    1.0234696875e+05
    2.1632634103e-02    1.0234847656e+05
    2.1654898301e-02    1.0235235156e+05
    2.1677147597e-02    1.0234575000e+05
    2.1699378267e-02    1.0234488281e+05
    2.1721594036e-02    1.0233791406e+05
    2.1743793041e-02    1.0233341406e+05
    2.1765975282e-02    1.0232699219e+05
    2.1788140759e-02    1.0231371094e+05
    2.1810289472e-02    1.0228844531e+05
    2.1832419559e-02    1.0227028906e+05
    2.1854531020e-02    1.0226005469e+05
    2.1876627579e-02    1.0223983594e+05
    2.1898705512e-02    1.0221858594e+05
    2.1920768544e-02    1.0219660156e+05
    2.1942811087e-02    1.0217832031e+05
    2.1964838728e-02    1.0215478906e+05
    2.1986849606e-02    1.0213085156e+05
    2.2008845583e-02    1.0211214844e+05
    2.2030822933e-02    1.0208831250e+05
    2.2052785382e-02    1.0207410156e+05
    2.2074732929e-02    1.0206057031e+05
    2.2096665576e-02    1.0203835156e+05
    2.2118583322e-02    1.0202269531e+05
    2.2140489891e-02    1.0201194531e+05
    2.2162377834e-02    1.0200202344e+05
    2.2184254602e-02    1.0199332031e+05
    2.2206118330e-02    1.0199528125e+05
    2.2227969021e-02    1.0198889844e+05
    2.2249806672e-02    1.0198339844e+05
    2.2271629423e-02    1.0197849219e+05
    2.2293440998e-02    1.0197964844e+05
    2.2315241396e-02    1.0198083594e+05
    2.2337028757e-02    1.0198784375e+05
    2.2358803079e-02    1.0198896094e+05
    2.2380566224e-02    1.0199589844e+05
    2.2402318195e-02    1.0200585156e+05
    2.2424057126e-02    1.0201127344e+05
    2.2445784882e-02    1.0201267969e+05
    2.2467501462e-02    1.0201956250e+05
    2.2489206865e-02    1.0202558594e+05
    2.2510899231e-02    1.0203706250e+05
    2.2532582283e-02    1.0203977344e+05
    2.2554252297e-02    1.0205121094e+05
    2.2575911134e-02    1.0205324219e+05
    2.2597560659e-02    1.0205471094e+05
    2.2619199008e-02    1.0205571875e+05
    2.2640828043e-02    1.0205664844e+05
    2.2662445903e-02    1.0205759375e+05
    2.2684050724e-02    1.0205868750e+05
    2.2705646232e-02    1.0206218750e+05
    2.2727232426e-02    1.0206183594e+05
    2.2748809308e-02    1.0206386719e+05
    2.2770375013e-02    1.0206603906e+05
    2.2791929543e-02    1.0207113281e+05
    2.2813472897e-02    1.0207143750e+05
    2.2835006937e-02    1.0207438281e+05
    2.2856531665e-02    1.0207728125e+05
    2.2878047079e-02    1.0207597656e+05
    2.2899549454e-02    1.0207968750e+05
    2.2921044379e-02    1.0208363281e+05
    2.2942528129e-02    1.0209210156e+05
    2.2964000702e-02    1.0209597656e+05
    2.2985465825e-02    1.0210046875e+05
    2.3006917909e-02    1.0210502344e+05
    2.3028360680e-02    1.0210972656e+05
    2.3049792275e-02    1.0211421875e+05
    2.3071214557e-02    1.0211844531e+05
    2.3092625663e-02    1.0212216406e+05
    2.3114029318e-02    1.0212552344e+05
    2.3135419935e-02    1.0212896094e+05
    2.3156799376e-02    1.0213164844e+05
    2.3178169504e-02    1.0213388281e+05
    2.3199530318e-02    1.0213546094e+05
    2.3220879957e-02    1.0214134375e+05
    2.3242218420e-02    1.0214117969e+05
    2.3263547570e-02    1.0214565625e+05
    2.3284865543e-02    1.0214883594e+05
    2.3306174204e-02    1.0215672656e+05
    2.3327469826e-02    1.0216425000e+05
    2.3348756135e-02    1.0217716406e+05
    2.3370031267e-02    1.0218634375e+05
    2.3391297087e-02    1.0219089844e+05
    2.3412553594e-02    1.0220310156e+05
    2.3433798924e-02    1.0221556250e+05
    2.3455033079e-02    1.0223252344e+05
    2.3476256058e-02    1.0225297656e+05
    2.3497469723e-02    1.0227303906e+05
    2.3518672213e-02    1.0228641406e+05
    2.3539865389e-02    1.0230777344e+05
    2.3561049253e-02    1.0232966406e+05
    2.3582221940e-02    1.0235215625e+05
    2.3603385314e-02    1.0237546094e+05
    2.3624535650e-02    1.0239433594e+05
    2.3645676672e-02    1.0241381250e+05
    2.3666808382e-02    1.0243346094e+05
    2.3687927052e-02    1.0245378125e+05
    2.3709038273e-02    1.0246903906e+05
    2.3730138317e-02    1.0248410156e+05
    2.3751227185e-02    1.0249331250e+05
    2.3772306740e-02    1.0250172656e+05
    2.3793375120e-02    1.0250403125e+05
    2.3814432323e-02    1.0249587500e+05
    2.3835480213e-02    1.0249550000e+05
    2.3856516927e-02    1.0249381250e+05
    2.3877544329e-02    1.0248124219e+05
    2.3898560554e-02    1.0246581250e+05
    2.3919565603e-02    1.0243827344e+05
    2.3940561339e-02    1.0240760156e+05
    2.3961545900e-02    1.0238114844e+05
    2.3982519284e-02    1.0234671875e+05
    2.4003483355e-02    1.0230682031e+05
    2.4024436250e-02    1.0225969531e+05
    2.4045377970e-02    1.0220935156e+05
    2.4066310376e-02    1.0216064844e+05
    2.4087233469e-02    1.0211844531e+05
    2.4108145386e-02    1.0207425000e+05
    2.4129044265e-02    1.0202922656e+05
    2.4149935693e-02    1.0200183594e+05
    2.4170814082e-02    1.0197530469e+05
    2.4191683158e-02    1.0195862500e+05
    2.4212542921e-02    1.0194791406e+05
    2.4233391508e-02    1.0194946875e+05
    2.4254228920e-02    1.0195772656e+05
    2.4275057018e-02    1.0197008594e+05
    2.4295873940e-02    1.0199543750e+05
    2.4316681549e-02    1.0202422656e+05
    2.4337477982e-02    1.0204821094e+05
    2.4358265102e-02    1.0207532031e+05
    2.4379042909e-02    1.0210499219e+05
    2.4399809539e-02    1.0213766406e+05
    2.4420566857e-02    1.0216313281e+05
    2.4441312999e-02    1.0219077344e+05
    2.4462047964e-02    1.0221012500e+05
    2.4482775480e-02    1.0223091406e+05
    2.4503491819e-02    1.0225219531e+05
    2.4524198845e-02    1.0227408594e+05
    2.4544894695e-02    1.0228740625e+05
    2.4565581232e-02    1.0230082031e+05
    2.4586258456e-02    1.0231440625e+05
    2.4606924504e-02    1.0232777344e+05
    2.4627581239e-02    1.0234125781e+05
    2.4648228660e-02    1.0235462500e+05
    2.4668866768e-02    1.0236806250e+05
    2.4689495564e-02    1.0238131250e+05
    2.4710113183e-02    1.0239414844e+05
    2.4730721489e-02    1.0240672656e+05
    2.4751318619e-02    1.0241997656e+05
    2.4771906435e-02    1.0243790625e+05
    2.4792486802e-02    1.0245652344e+05
    2.4813055992e-02    1.0247091406e+05
    2.4833614007e-02    1.0248530469e+05
    2.4854162708e-02    1.0249944531e+05
    2.4874702096e-02    1.0250628906e+05
    2.4895232171e-02    1.0251739844e+05
    2.4915752932e-02    1.0253005469e+05
    2.4936262518e-02    1.0253283594e+05
    2.4956764653e-02    1.0253455469e+05
    2.4977253750e-02    1.0254240625e+05
    2.4997735396e-02    1.0253769531e+05
    2.5018205866e-02    1.0253343750e+05
    2.5038668886e-02    1.0252100781e+05
    2.5059120730e-02    1.0251552344e+05
    2.5079563260e-02    1.0249955469e+05
    2.5099996477e-02    1.0249156250e+05
    2.5120420381e-02    1.0248783594e+05
    2.5140833110e-02    1.0247835156e+05
    2.5161236525e-02    1.0246299219e+05
    2.5181630626e-02    1.0245077344e+05
    2.5202017277e-02    1.0243285156e+05
    2.5222390890e-02    1.0241321094e+05
    2.5242757052e-02    1.0239678906e+05
    2.5263112038e-02    1.0238928906e+05
    2.5283459574e-02    1.0237160156e+05
    2.5303795934e-02    1.0236311719e+05
    2.5324124843e-02    1.0234741406e+05
    2.5344440714e-02    1.0233571094e+05
    2.5364749134e-02    1.0232261719e+05
    2.5385048240e-02    1.0231319531e+05
    2.5405339897e-02    1.0230611719e+05
    2.5425618514e-02    1.0229885156e+05
    2.5445887819e-02    1.0228941406e+05
    2.5466147810e-02    1.0228047656e+05
    2.5486400351e-02    1.0227614844e+05
    2.5506639853e-02    1.0226752344e+05
    2.5526873767e-02    1.0226428906e+05
    2.5547094643e-02    1.0225627344e+05
    2.5567308068e-02    1.0224821094e+05
    2.5587510318e-02    1.0224913281e+05
    2.5607703254e-02    1.0224117969e+05
    2.5627886876e-02    1.0223358594e+05
    2.5648061186e-02    1.0222810156e+05
    2.5668226182e-02    1.0222821875e+05
    2.5688380003e-02    1.0222360156e+05
    2.5708526373e-02    1.0222471094e+05
    2.5728661567e-02    1.0221921094e+05
    2.5748789310e-02    1.0221886719e+05
    2.5768904015e-02    1.0221443750e+05
    2.5789011270e-02    1.0221561719e+05
    2.5809109211e-02    1.0221200000e+05
    2.5829195976e-02    1.0221840625e+05
    2.5849273428e-02    1.0222344531e+05
    2.5869343430e-02    1.0222408594e+05
    2.5889402255e-02    1.0222724219e+05
    2.5909451768e-02    1.0223121875e+05
    2.5929493830e-02    1.0223092969e+05
    2.5949522853e-02    1.0223549219e+05
    2.5969544426e-02    1.0224091406e+05
    2.5989556685e-02    1.0224130469e+05
    2.6009559631e-02    1.0224203906e+05
    2.6029553264e-02    1.0225221094e+05
    2.6049537584e-02    1.0225316406e+05
    2.6069512591e-02    1.0225439844e+05
    2.6089478284e-02    1.0225547656e+05
    2.6109432802e-02    1.0226117969e+05
    2.6129379869e-02    1.0226764844e+05
    2.6149315760e-02    1.0226925000e+05
    2.6169244200e-02    1.0227096094e+05
    2.6189163327e-02    1.0227253906e+05
    2.6209073141e-02    1.0227431250e+05
    2.6228975505e-02    1.0227625000e+05
    2.6248866692e-02    1.0227797656e+05
    2.6268748567e-02    1.0228017969e+05
    2.6288621128e-02    1.0228683594e+05
    2.6308484375e-02    1.0228893750e+05
    2.6328338310e-02    1.0229611719e+05
    2.6348184794e-02    1.0229621875e+05
    2.6368021965e-02    1.0229371094e+05
    2.6387847960e-02    1.0229321875e+05
    2.6407664642e-02    1.0229500000e+05
    2.6427472010e-02    1.0229713281e+05
    2.6447271928e-02    1.0230352344e+05
    2.6467062533e-02    1.0230141406e+05
    2.6486843824e-02    1.0230325781e+05
    2.6506617665e-02    1.0230510156e+05
    2.6526380330e-02    1.0230015625e+05
    2.6546133682e-02    1.0229928906e+05
    2.6565877721e-02    1.0231009375e+05
    2.6585612446e-02    1.0231186719e+05
    2.6605339721e-02    1.0231377344e+05
    2.6625057682e-02    1.0231586719e+05
    2.6644766331e-02    1.0230803125e+05
    2.6664465666e-02    1.0230963281e+05
    2.6684155688e-02    1.0231143750e+05
    2.6703836396e-02    1.0232003906e+05
    2.6723509654e-02    1.0232355469e+05
    2.6743173599e-02    1.0231575000e+05
    2.6762828231e-02    1.0231681250e+05
    2.6782475412e-02    1.0231824219e+05
    2.6802113280e-02    1.0232014844e+05
    2.6821739972e-02    1.0232666406e+05
    2.6841359213e-02    1.0232868750e+05
    2.6860967278e-02    1.0232610156e+05
    2.6880569756e-02    1.0233711719e+05
    2.6900164783e-02    1.0232960156e+05
    2.6919748634e-02    1.0233118750e+05
    2.6939325035e-02    1.0233475781e+05
    2.6958892122e-02    1.0233855469e+05
    2.6978449896e-02    1.0233606250e+05
    2.6997998357e-02    1.0233753906e+05
    2.7017539367e-02    1.0234137500e+05
    2.7037071064e-02    1.0234297656e+05
    2.7056595311e-02    1.0234421094e+05
    2.7076110244e-02    1.0234366406e+05
    2.7095617726e-02    1.0234503906e+05
    2.7115115896e-02    1.0234633594e+05
    2.7134604752e-02    1.0234732031e+05
    2.7154086158e-02    1.0235072656e+05
    2.7173558250e-02    1.0234914844e+05
    2.7193021029e-02    1.0234980469e+05
    2.7212476358e-02    1.0235021094e+05
    2.7231922373e-02    1.0235014844e+05
    2.7251357213e-02    1.0234493750e+05
    2.7270786464e-02    1.0234427344e+05
    2.7290204540e-02    1.0234166406e+05
    2.7309613302e-02    1.0233919531e+05
    2.7329014614e-02    1.0234338281e+05
    2.7348404750e-02    1.0234316406e+05
    2.7367785573e-02    1.0234737500e+05
    2.7387158945e-02    1.0234075781e+05
    2.7406521142e-02    1.0234328125e+05
    2.7425874025e-02    1.0234821875e+05
    2.7445219457e-02    1.0233914844e+05
    2.7464553714e-02    1.0234818750e+05
    2.7483878657e-02    1.0234142969e+05
    2.7503194287e-02    1.0234832031e+05
    2.7522502467e-02    1.0234850000e+05
    2.7541799471e-02    1.0233971094e+05
    2.7561087161e-02    1.0234935156e+05
    2.7580365539e-02    1.0234971094e+05
    2.7599634603e-02    1.0234984375e+05
    2.7618894354e-02    1.0234964844e+05
    2.7638144791e-02    1.0234972656e+05
    2.7657385916e-02    1.0234981250e+05
    2.7676619589e-02    1.0235058594e+05
    2.7695843950e-02    1.0235121094e+05
    2.7715058997e-02    1.0235171094e+05
    2.7734262869e-02    1.0235227344e+05
    2.7753459290e-02    1.0235271094e+05
    2.7772648260e-02    1.0235555469e+05
    2.7791827917e-02    1.0235627344e+05
    2.7810998261e-02    1.0235508594e+05
    2.7830159292e-02    1.0235556250e+05
    2.7849311009e-02    1.0235639844e+05
    2.7868455276e-02    1.0235730469e+05
    2.7887590230e-02    1.0235747656e+05
    2.7906717733e-02    1.0235814844e+05
    2.7925835922e-02    1.0235849219e+05
    2.7944946662e-02    1.0235858594e+05
    2.7964048088e-02    1.0235906250e+05
    2.7983140200e-02    1.0235884375e+05
    2.8002224863e-02    1.0235627344e+05
    2.8021300212e-02    1.0235371094e+05
    2.8040368110e-02    1.0235744531e+05
    2.8059426695e-02    1.0235699219e+05
    2.8078475967e-02    1.0235702344e+05
    2.8097519651e-02    1.0235690625e+05
    2.8116554022e-02    1.0235735156e+05
    2.8135580942e-02    1.0235719531e+05
    2.8154598549e-02    1.0235702344e+05
    2.8173606843e-02    1.0235672656e+05
    2.8192607686e-02    1.0235647656e+05
    2.8211599216e-02    1.0235621875e+05
    2.8230583295e-02    1.0235580469e+05
    2.8249559924e-02    1.0235549219e+05
    2.8268527240e-02    1.0235547656e+05
    2.8287487105e-02    1.0235571875e+05
    2.8306435794e-02    1.0235585156e+05
    2.8325378895e-02    1.0235591406e+05
    2.8344312683e-02    1.0236013281e+05
    2.8363237157e-02    1.0236257031e+05
    2.8382156044e-02    1.0235571094e+05
    2.8401065618e-02    1.0235577344e+05
    2.8419965878e-02    1.0235568750e+05
    2.8438858688e-02    1.0235528906e+05
    2.8457742184e-02    1.0235502344e+05
    2.8476616368e-02    1.0235442969e+05
    2.8495483100e-02    1.0235381250e+05
    2.8514338657e-02    1.0235291406e+05
    2.8533160686e-02    1.0235247656e+05
    2.8551930562e-02    1.0235219531e+05
    2.8570635244e-02    1.0235216406e+05
    2.8589271009e-02    1.0235246094e+05
    2.8607837856e-02    1.0235246094e+05
    2.8626350686e-02    1.0235321094e+05
    2.8644818813e-02    1.0235347656e+05
    2.8663259000e-02    1.0235415625e+05
    2.8681686148e-02    1.0235482031e+05
    2.8700113297e-02    1.0235553906e+05
    2.8718546033e-02    1.0235553906e+05
    2.8736986220e-02    1.0234593750e+05
    2.8755431995e-02    1.0234506250e+05
    2.8773877770e-02    1.0234403906e+05
    2.8792314231e-02    1.0235014844e+05
    2.8810730204e-02    1.0234440625e+05
    2.8829116374e-02    1.0234132031e+05
    2.8847465292e-02    1.0234021094e+05
    2.8865773231e-02    1.0233985156e+05
    2.8884036466e-02    1.0233894531e+05
    2.8902258724e-02    1.0233828125e+05
    2.8920443729e-02    1.0233743750e+05
    2.8938598931e-02    1.0233664844e+05
    2.8956729919e-02    1.0233071094e+05
    2.8974846005e-02    1.0232478125e+05
    2.8992949054e-02    1.0232297656e+05
    2.9011042789e-02    1.0232766406e+05
    2.9029129073e-02    1.0232756250e+05
    2.9047204182e-02    1.0232046094e+05
    2.9065268114e-02    1.0231414844e+05
    2.9083315283e-02    1.0231196094e+05
    2.9101338238e-02    1.0231017969e+05
    2.9119335115e-02    1.0231268750e+05
    2.9137304053e-02    1.0231121094e+05
    2.9155241325e-02    1.0230744531e+05
    2.9173148796e-02    1.0231312500e+05
    2.9191024601e-02    1.0231017969e+05
    2.9208874330e-02    1.0230743750e+05
    2.9226697981e-02    1.0230630469e+05
    2.9244501144e-02    1.0231122656e+05
    2.9262285680e-02    1.0231147656e+05
    2.9280053452e-02    1.0231127344e+05
    2.9297806323e-02    1.0231133594e+05
    2.9315544292e-02    1.0231653906e+05
    2.9333265498e-02    1.0232285156e+05
    2.9350971803e-02    1.0232503906e+05
    2.9368655756e-02    1.0233302344e+05
    2.9386319220e-02    1.0233857031e+05
    2.9403960332e-02    1.0234503125e+05
    2.9421577230e-02    1.0234960156e+05
    2.9439168051e-02    1.0235428125e+05
    2.9456734657e-02    1.0235885156e+05
    2.9474277049e-02    1.0236875781e+05
    2.9491795227e-02    1.0237841406e+05
    2.9509292915e-02    1.0238393750e+05
    2.9526771978e-02    1.0239472656e+05
    2.9544232413e-02    1.0240097656e+05
    2.9561674222e-02    1.0240703125e+05
    2.9579099268e-02    1.0240796094e+05
    2.9596509412e-02    1.0241366406e+05
    2.9613900930e-02    1.0242472656e+05
    2.9631273821e-02    1.0242590625e+05
    2.9648626223e-02    1.0243175000e+05
    2.9665958136e-02    1.0243681250e+05
    2.9683271423e-02    1.0244133594e+05
    2.9700560495e-02    1.0243853906e+05
    2.9717829078e-02    1.0243935156e+05
    2.9735075310e-02    1.0244221094e+05
    2.9752301052e-02    1.0243541406e+05
    2.9769508168e-02    1.0243746875e+05
    2.9786696658e-02    1.0243913281e+05
    2.9803866521e-02    1.0243146875e+05
    2.9821017757e-02    1.0243196094e+05
    2.9838152230e-02    1.0242222656e+05
    2.9855269939e-02    1.0241610156e+05
    2.9872370884e-02    1.0240974219e+05
    2.9889453202e-02    1.0240031250e+05
    2.9906518757e-02    1.0239459375e+05
    2.9923565686e-02    1.0238641406e+05
    2.9940593988e-02    1.0237812500e+05
    2.9957601801e-02    1.0236896875e+05
    2.9974590987e-02    1.0235988281e+05
    2.9991561547e-02    1.0234969531e+05
    3.0008511618e-02    1.0234181250e+05
    3.0025444925e-02    1.0233603906e+05
    3.0042361468e-02    1.0233005469e+05
    3.0059259385e-02    1.0232416406e+05
    3.0076142401e-02    1.0232035156e+05
    3.0093006790e-02    1.0231492969e+05
    3.0109854415e-02    1.0230985156e+05
    3.0126683414e-02    1.0231027344e+05
    3.0143497512e-02    1.0230821094e+05
    3.0160292983e-02    1.0231193750e+05
    3.0177071691e-02    1.0231332031e+05
    3.0193833634e-02    1.0232040625e+05
    3.0210576952e-02    1.0232371094e+05
    3.0227303505e-02    1.0233278906e+05
    3.0244011432e-02    1.0233993750e+05
    3.0260702595e-02    1.0234592969e+05
    3.0277376994e-02    1.0235461719e+05
    3.0294034630e-02    1.0235657031e+05
    3.0310675502e-02    1.0236813281e+05
    3.0327299610e-02    1.0237102344e+05
    3.0343905091e-02    1.0238346094e+05
    3.0360495672e-02    1.0238721094e+05
    3.0377071351e-02    1.0240088281e+05
    3.0393628404e-02    1.0240531250e+05
    3.0410168692e-02    1.0241003906e+05
    3.0426690355e-02    1.0241508594e+05
    3.0443195254e-02    1.0241969531e+05
    3.0459685251e-02    1.0242456250e+05
    3.0476156622e-02    1.0242907031e+05
    3.0492611229e-02    1.0243332031e+05
    3.0509050936e-02    1.0242787500e+05
    3.0525473878e-02    1.0243150781e+05
    3.0541881919e-02    1.0243496094e+05
    3.0558273196e-02    1.0243807031e+05
    3.0574647710e-02    1.0244096875e+05
    3.0591005459e-02    1.0243428906e+05
    3.0607348308e-02    1.0243668750e+05
    3.0623674393e-02    1.0242918750e+05
    3.0639985576e-02    1.0243063281e+05
    3.0656279996e-02    1.0243197656e+05
    3.0672557652e-02    1.0243311719e+05
    3.0688818544e-02    1.0242474219e+05
    3.0705062672e-02    1.0242560156e+05
    3.0721291900e-02    1.0242630469e+05
    3.0737506226e-02    1.0242668750e+05
    3.0753703788e-02    1.0242458594e+05
    3.0769886449e-02    1.0241741406e+05
    3.0786054209e-02    1.0241660156e+05
    3.0802207068e-02    1.0240631250e+05
    3.0818343163e-02    1.0240464844e+05
    3.0834466219e-02    1.0240321094e+05
    3.0850572512e-02    1.0240131250e+05
    3.0866663903e-02    1.0238992969e+05
    3.0882738531e-02    1.0238761719e+05
    3.0898798257e-02    1.0238500000e+05
    3.0914843082e-02    1.0238202344e+05
    3.0930871144e-02    1.0236965625e+05
    3.0946886167e-02    1.0236631250e+05
    3.0962884426e-02    1.0236291406e+05
    3.0978867784e-02    1.0235683594e+05
    3.0994836241e-02    1.0234635156e+05
    3.1010789797e-02    1.0234233594e+05
    3.1026728451e-02    1.0233827344e+05
    3.1042650342e-02    1.0233408594e+05
    3.1058559194e-02    1.0232974219e+05
    3.1074455008e-02    1.0232521875e+05
    3.1090334058e-02    1.0232091406e+05
    3.1106200069e-02    1.0231639844e+05
    3.1122051179e-02    1.0231194531e+05
    3.1137887388e-02    1.0230752344e+05
    3.1153710559e-02    1.0230296875e+05
    3.1169516966e-02    1.0229889844e+05
    3.1185310334e-02    1.0229464844e+05
    3.1201090664e-02    1.0229046094e+05
    3.1216854230e-02    1.0228646875e+05
    3.1232602894e-02    1.0228322656e+05
    3.1248336658e-02    1.0228940625e+05
    3.1264055520e-02    1.0228665625e+05
    3.1279761344e-02    1.0228466406e+05
    3.1295452267e-02    1.0229208594e+05
    3.1311132014e-02    1.0229072656e+05
    3.1326796860e-02    1.0228924219e+05
    3.1342446804e-02    1.0228780469e+05
    3.1358085573e-02    1.0229339844e+05
    3.1373709440e-02    1.0229503906e+05
    3.1389318407e-02    1.0229471094e+05
    3.1404916197e-02    1.0229465625e+05
    3.1420499086e-02    1.0229999219e+05
    3.1436067075e-02    1.0230535156e+05
    3.1451620162e-02    1.0230699219e+05
    3.1467158347e-02    1.0231593750e+05
    3.1482685357e-02    1.0232064844e+05
    3.1498193741e-02    1.0232343750e+05
    3.1513694674e-02    1.0233603125e+05
    3.1529176980e-02    1.0233969531e+05
    3.1544648111e-02    1.0234372656e+05
    3.1560108066e-02    1.0235691406e+05
    3.1575553119e-02    1.0236139844e+05
    3.1590986997e-02    1.0236577344e+05
    3.1606405973e-02    1.0237035156e+05
    3.1621813774e-02    1.0236527344e+05
    3.1637206674e-02    1.0236958594e+05
    3.1652588397e-02    1.0238302344e+05
    3.1667951494e-02    1.0238749219e+05
    3.1683307141e-02    1.0239160156e+05
    3.1698647887e-02    1.0239322656e+05
    3.1713977456e-02    1.0239241406e+05
    3.1729292125e-02    1.0239633594e+05
    3.1744595617e-02    1.0239983594e+05
    3.1759884208e-02    1.0240153125e+05
    3.1775161624e-02    1.0241228906e+05
    3.1790427864e-02    1.0241368750e+05
    3.1805675477e-02    1.0241753906e+05
    3.1820915639e-02    1.0241964844e+05
    3.1836140901e-02    1.0242152344e+05
    3.1851354986e-02    1.0242574219e+05
    3.1866557896e-02    1.0243005469e+05
    3.1881745905e-02    1.0244090625e+05
    3.1896922737e-02    1.0243877344e+05
    3.1912088394e-02    1.0244310156e+05
    3.1927239150e-02    1.0244738281e+05
    3.1942378730e-02    1.0245132031e+05
    3.1957507133e-02    1.0245532031e+05
    3.1972620636e-02    1.0245884375e+05
    3.1987726688e-02    1.0246210156e+05
    3.2002814114e-02    1.0246557031e+05
    3.2017890364e-02    1.0245936719e+05
    3.2032959163e-02    1.0246236719e+05
    3.2048013061e-02    1.0246558594e+05
    3.2063052058e-02    1.0246882031e+05
    3.2078083605e-02    1.0247722656e+05
    3.2093103975e-02    1.0248563281e+05
    3.2108109444e-02    1.0248972656e+05
    3.2123107463e-02    1.0249378906e+05
    3.2138090581e-02    1.0249774219e+05
    3.2153062522e-02    1.0250174219e+05
    3.2168023288e-02    1.0249616406e+05
    3.2182972878e-02    1.0249987500e+05
    3.2197911292e-02    1.0250310156e+05
    3.2212834805e-02    1.0251068750e+05
    3.2227750868e-02    1.0251831250e+05
    3.2242652029e-02    1.0251471875e+05
    3.2257542014e-02    1.0251531250e+05
    3.2272424549e-02    1.0251796094e+05
    3.2287292182e-02    1.0252010156e+05
    3.2302148640e-02    1.0252205469e+05
    3.2316997647e-02    1.0252391406e+05
    3.2331831753e-02    1.0252047656e+05
    3.2346658409e-02    1.0252174219e+05
    3.2361470163e-02    1.0252242969e+05
    3.2376270741e-02    1.0251833594e+05
    3.2391063869e-02    1.0251834375e+05
    3.2405842096e-02    1.0251286719e+05
    3.2420612872e-02    1.0251166406e+05
    3.2435368747e-02    1.0250821875e+05
    3.2450113446e-02    1.0250660156e+05
    3.2464850694e-02    1.0250253906e+05
    3.2479573041e-02    1.0250030469e+05
    3.2494287938e-02    1.0249739844e+05
    3.2508991659e-02    1.0248987500e+05
    3.2523684204e-02    1.0248643750e+05
    3.2538365573e-02    1.0247827344e+05
    3.2553035766e-02    1.0246900000e+05
    3.2567698509e-02    1.0246455469e+05
    3.2582346350e-02    1.0245982031e+05
    3.2596986741e-02    1.0245478125e+05
    3.2611619681e-02    1.0244941406e+05
    3.2626237720e-02    1.0243952344e+05
    3.2640848309e-02    1.0243369531e+05
    3.2655447721e-02    1.0242540625e+05
    3.2670035958e-02    1.0241681250e+05
    3.2684613019e-02    1.0241075781e+05
    3.2699178904e-02    1.0240211719e+05
    3.2713737339e-02    1.0239633594e+05
    3.2728284597e-02    1.0239011719e+05
    3.2742820680e-02    1.0238206250e+05
    3.2757349312e-02    1.0237664844e+05
    3.2771866769e-02    1.0237637500e+05
    3.2786373049e-02    1.0237171094e+05
    3.2800871879e-02    1.0236740625e+05
    3.2815355808e-02    1.0236132031e+05
    3.2829832286e-02    1.0236069531e+05
    3.2844301313e-02    1.0236010156e+05
    3.2858755440e-02    1.0236035156e+05
    3.2873202115e-02    1.0235841406e+05
    3.2887637615e-02    1.0236219531e+05
    3.2902065665e-02    1.0236191406e+05
    3.2916482538e-02    1.0237142969e+05
    3.2930891961e-02    1.0237241406e+05
    3.2945290208e-02    1.0237414844e+05
    3.2959677279e-02    1.0237625781e+05
    3.2974056900e-02    1.0238849219e+05
    3.2988425344e-02    1.0239221094e+05
    3.3002786338e-02    1.0240097656e+05
    3.3017136157e-02    1.0241043750e+05
    3.3031478524e-02    1.0241552344e+05
    3.3045809716e-02    1.0242066406e+05
    3.3060129732e-02    1.0243039844e+05
    3.3074442297e-02    1.0243582031e+05
    3.3088747412e-02    1.0244128125e+05
    3.3103041351e-02    1.0244675781e+05
    3.3117324114e-02    1.0245450000e+05
    3.3131599426e-02    1.0246014844e+05
    3.3145863563e-02    1.0246783594e+05
    3.3160120249e-02    1.0247530469e+05
    3.3174365759e-02    1.0248264844e+05
    3.3188603818e-02    1.0248515625e+05
    3.3202830702e-02    1.0248758594e+05
    3.3217050135e-02    1.0249165625e+05
    3.3231258392e-02    1.0249371094e+05
    3.3245459199e-02    1.0249933594e+05
    3.3259648830e-02    1.0250053906e+05
    3.3273831010e-02    1.0250610156e+05
    3.3288005739e-02    1.0250469531e+05
    3.3302169293e-02    1.0250737500e+05
    3.3316325396e-02    1.0250993750e+05
    3.3330474049e-02    1.0251192969e+05
    3.3344611526e-02    1.0250902344e+05
    3.3358741552e-02    1.0251028125e+05
    3.3372864127e-02    1.0251085156e+05
    3.3386975527e-02    1.0250682031e+05
    3.3401079476e-02    1.0250428906e+05
    3.3415172249e-02    1.0250116406e+05
    3.3429257572e-02    1.0249972656e+05
    3.3443335444e-02    1.0249364844e+05
    3.3457405865e-02    1.0249158594e+05
    3.3471468836e-02    1.0248696094e+05
    3.3485524356e-02    1.0248444531e+05
    3.3499568701e-02    1.0248453125e+05
    3.3513605595e-02    1.0248234375e+05
    3.3527631313e-02    1.0247771875e+05
    3.3541653305e-02    1.0247327344e+05
    3.3555664122e-02    1.0247137500e+05
    3.3569667488e-02    1.0246500781e+05
    3.3583663404e-02    1.0246302344e+05
    3.3597648144e-02    1.0246068750e+05
    3.3611625433e-02    1.0245872656e+05
    3.3625595272e-02    1.0245690625e+05
    3.3639557660e-02    1.0245475781e+05
    3.3653512597e-02    1.0245289844e+05
    3.3667460084e-02    1.0245139844e+05
    3.3681396395e-02    1.0244950781e+05
    3.3695328981e-02    1.0244824219e+05
    3.3709254116e-02    1.0244675781e+05
    3.3723168075e-02    1.0244571094e+05
    3.3737078309e-02    1.0244478125e+05
    3.3750977367e-02    1.0244650000e+05
    3.3764872700e-02    1.0244580469e+05
    3.3778760582e-02    1.0245012500e+05
    3.3792637289e-02    1.0244964844e+05
    3.3806510270e-02    1.0245127344e+05
    3.3820372075e-02    1.0245052344e+05
    3.3834230155e-02    1.0245003906e+05
    3.3848077059e-02    1.0244921875e+05
    3.3861916512e-02    1.0244194531e+05
    3.3875752240e-02    1.0244422656e+05
    3.3889576793e-02    1.0244852344e+05
    3.3903393894e-02    1.0244878125e+05
    3.3917203546e-02    1.0244922656e+05
    3.3931009471e-02    1.0244939844e+05
    3.3944804221e-02    1.0244994531e+05
    3.3958595246e-02    1.0245277344e+05
    3.3972378820e-02    1.0245325000e+05
    3.3986151218e-02    1.0245811719e+05
    3.3999919891e-02    1.0245591406e+05
    3.4013681114e-02    1.0245139844e+05
    3.4027434886e-02    1.0245118750e+05
    3.4041177481e-02    1.0245096875e+05
    3.4054916352e-02    1.0245053906e+05
    3.4068647772e-02    1.0245046094e+05
    3.4082375467e-02    1.0244983594e+05
    3.4096091986e-02    1.0244922656e+05
    3.4109804779e-02    1.0244596094e+05
    3.4123510122e-02    1.0244531250e+05
    3.4137208015e-02    1.0244406250e+05
    3.4150898457e-02    1.0244541406e+05
    3.4164581448e-02    1.0244430469e+05
    3.4178260714e-02    1.0244289844e+05
    3.4191932529e-02    1.0244181250e+05
    3.4205596894e-02    1.0244050000e+05
    3.4219253808e-02    1.0243933594e+05
    3.4232903272e-02    1.0243810156e+05
    3.4246545285e-02    1.0243703906e+05
    3.4260183573e-02    1.0243571094e+05
    3.4273810685e-02    1.0243496875e+05
    3.4287434071e-02    1.0242984375e+05
    3.4301050007e-02    1.0243340625e+05
    3.4314658493e-02    1.0243272656e+05
    3.4328263253e-02    1.0243221094e+05
    3.4341860563e-02    1.0243189844e+05
    3.4355450422e-02    1.0243177344e+05
    3.4369036555e-02    1.0243202344e+05
    3.4382611513e-02    1.0243221094e+05
    3.4396182746e-02    1.0243271094e+05
    3.4409742802e-02    1.0243841406e+05
    3.4423299134e-02    1.0244128906e+05
    3.4436848015e-02    1.0244462500e+05
    3.4450393170e-02    1.0244065625e+05
    3.4463927150e-02    1.0243666406e+05
    3.4477461129e-02    1.0243899219e+05
    3.4490987659e-02    1.0243910156e+05
    3.4504506737e-02    1.0243909375e+05
    3.4518022090e-02    1.0244138281e+05
    3.4531529993e-02    1.0243942969e+05
    3.4545030445e-02    1.0243960156e+05
    3.4558523446e-02    1.0243739844e+05
    3.4572008997e-02    1.0243775000e+05
    3.4585487098e-02    1.0243819531e+05
    3.4598957747e-02    1.0243868750e+05
    3.4612424672e-02    1.0243908594e+05
    3.4625884145e-02    1.0243975000e+05
    3.4639336169e-02    1.0244002344e+05
    3.4652780741e-02    1.0244022656e+05
    3.4666225314e-02    1.0244242969e+05
    3.4679658711e-02    1.0244019531e+05
    3.4693088382e-02    1.0244016406e+05
    3.4706510603e-02    1.0244031250e+05
    3.4719929099e-02    1.0243996094e+05
    3.4733340144e-02    1.0243941406e+05
    3.4746743739e-02    1.0243916406e+05
    3.4760143608e-02    1.0243882031e+05
    3.4773536026e-02    1.0243862500e+05
    3.4786924720e-02    1.0243797656e+05
    3.4800305963e-02    1.0243735156e+05
    3.4813679755e-02    1.0243710156e+05
    3.4827046096e-02    1.0243628125e+05
    3.4840408713e-02    1.0243600781e+05
    3.4853763878e-02    1.0243540625e+05
    3.4867111593e-02    1.0243509375e+05
    3.4880455583e-02    1.0243432031e+05
    3.4893795848e-02    1.0243435156e+05
    3.4907124937e-02    1.0243918750e+05
    3.4920454025e-02    1.0243933594e+05
    3.4933775663e-02    1.0244183594e+05
    3.4947093576e-02    1.0243760156e+05
    3.4960404038e-02    1.0243555469e+05
    3.4973710775e-02    1.0243578906e+05
    3.4987010062e-02    1.0243603906e+05
endcurve
