Curveplot
LS-DYNA keyword deck by LS-PrePost                          
Time
Pressure
Defined Connection
Pressure @ 38 #pts=1745
* Minval=     9.9555789062e+04 at time=         0.0148697579
* Maxval=     1.7048485938e+05 at time=         0.0063835909
    0.0000000000e+00    9.9997750000e+04
    3.3812357287e-05    9.9997750000e+04
    6.1326652940e-05    9.9998562500e+04
    8.9102875791e-05    9.9998710938e+04
    1.1682785407e-04    9.9998851562e+04
    1.4461828687e-04    9.9997976562e+04
    1.7236733402e-04    9.9999023438e+04
    2.0016246708e-04    1.0000935156e+05
    2.2795486439e-04    1.0000081250e+05
    2.5574557367e-04    1.0000084375e+05
    2.8353667585e-04    9.9999945312e+04
    3.1133697485e-04    9.9990445312e+04
    3.3912662184e-04    9.9999898438e+04
    3.6691734567e-04    9.9999476562e+04
    3.9470891352e-04    9.9999898438e+04
    4.2249175021e-04    1.0000953906e+05
    4.5027161832e-04    1.0000146094e+05
    4.7804549104e-04    1.0000137500e+05
    5.0581363030e-04    9.9996570312e+04
    5.3357944125e-04    1.0000086719e+05
    5.6134146871e-04    9.9995843750e+04
    5.8909942163e-04    9.9995906250e+04
    6.1685312539e-04    1.0000056250e+05
    6.4460188150e-04    1.0000534375e+05
    6.7234638846e-04    1.0000611719e+05
    7.0008635521e-04    1.0000096094e+05
    7.2782178177e-04    1.0000096094e+05
    7.5555208605e-04    9.9996585938e+04
    7.8327720985e-04    1.0000103125e+05
    8.1099680392e-04    9.9998343750e+04
    8.3871174138e-04    9.9995406250e+04
    8.6642213864e-04    1.0000016406e+05
    8.9412782108e-04    1.0000077344e+05
    9.2182843946e-04    1.0000578906e+05
    9.4952445943e-04    1.0000149219e+05
    9.7721535712e-04    9.9998960938e+04
    1.0049008997e-03    9.9992085938e+04
    1.0325826006e-03    1.0000071875e+05
    1.0602590628e-03    1.0000133594e+05
    1.0879321489e-03    1.0001197656e+05
    1.1155996472e-03    1.0000571094e+05
    1.1432634201e-03    9.9993554688e+04
    1.1709230021e-03    9.9991976562e+04
    1.1985785095e-03    9.9991164062e+04
    1.2262313394e-03    1.0000082031e+05
    1.2538790470e-03    1.0001046094e+05
    1.2815232622e-03    1.0001140625e+05
    1.3091630535e-03    1.0000225000e+05
    1.3368004002e-03    9.9994554688e+04
    1.3644339051e-03    9.9999289062e+04
    1.3920635683e-03    1.0002303125e+05
    1.4196902048e-03    1.0005105469e+05
    1.4473132323e-03    1.0010686719e+05
    1.4749332331e-03    1.0019503125e+05
    1.5025498578e-03    1.0033067969e+05
    1.5301633393e-03    1.0052250781e+05
    1.5577742597e-03    1.0077383594e+05
    1.5853822697e-03    1.0109171094e+05
    1.6129877185e-03    1.0146242969e+05
    1.6405890929e-03    1.0186567969e+05
    1.6681876732e-03    1.0225374219e+05
    1.6957829939e-03    1.0259953906e+05
    1.7233766848e-03    1.0286761719e+05
    1.7509678146e-03    1.0305047656e+05
    1.7785291420e-03    1.0314128125e+05
    1.8060547300e-03    1.0314091406e+05
    1.8335470231e-03    1.0305694531e+05
    1.8610082334e-03    1.0291277344e+05
    1.8884401070e-03    1.0274716406e+05
    1.9158447394e-03    1.0257027344e+05
    1.9432241097e-03    1.0241819531e+05
    1.9705800805e-03    1.0230175000e+05
    1.9979148638e-03    1.0222228906e+05
    2.0252298564e-03    1.0219468750e+05
    2.0525271539e-03    1.0222033594e+05
    2.0798076876e-03    1.0227421094e+05
    2.1070730872e-03    1.0234337500e+05
    2.1343247499e-03    1.0242000000e+05
    2.1615643054e-03    1.0247796094e+05
    2.1887931507e-03    1.0252122656e+05
    2.2160108201e-03    1.0254250781e+05
    2.2432196420e-03    1.0253746875e+05
    2.2704207804e-03    1.0251622656e+05
    2.2976147011e-03    1.0247575000e+05
    2.3248014040e-03    1.0243931250e+05
    2.3519827519e-03    1.0241828125e+05
    2.3791582789e-03    1.0240068750e+05
    2.4063293822e-03    1.0239390625e+05
    2.4334960617e-03    1.0238674219e+05
    2.4606597144e-03    1.0238922656e+05
    2.4878205732e-03    1.0240730469e+05
    2.5149781723e-03    1.0242403906e+05
    2.5421329774e-03    1.0244072656e+05
    2.5692859199e-03    1.0245010156e+05
    2.5964374654e-03    1.0245140625e+05
    2.6235871483e-03    1.0244493750e+05
    2.6507352013e-03    1.0243675000e+05
    2.6778825559e-03    1.0242727344e+05
    2.7050296776e-03    1.0242278125e+05
    2.7321761008e-03    1.0241596094e+05
    2.7593218256e-03    1.0241488281e+05
    2.7864677832e-03    1.0241819531e+05
    2.8136142064e-03    1.0242334375e+05
    2.8407603968e-03    1.0243647656e+05
    2.8679079842e-03    1.0244796875e+05
    2.8950548731e-03    1.0246191406e+05
    2.9222022276e-03    1.0248400781e+05
    2.9493502807e-03    1.0251310156e+05
    2.9764990322e-03    1.0257202344e+05
    3.0036487151e-03    1.0264592969e+05
    3.0307997949e-03    1.0272587500e+05
    3.0579508748e-03    1.0281521094e+05
    3.0851035845e-03    1.0291628906e+05
    3.1122572254e-03    1.0301683594e+05
    3.1394117977e-03    1.0312293750e+05
    3.1665677670e-03    1.0320525781e+05
    3.1937246677e-03    1.0326127344e+05
    3.2208829653e-03    1.0330172656e+05
    3.2480424270e-03    1.0330539844e+05
    3.2752046827e-03    1.0329280469e+05
    3.2952371985e-03    1.0325597656e+05
    3.3145032357e-03    1.0322650000e+05
    3.3336398192e-03    1.0318828125e+05
    3.3528339118e-03    1.0314913281e+05
    3.3720366191e-03    1.0310066406e+05
    3.3912549261e-03    1.0305566406e+05
    3.4104890656e-03    1.0301496094e+05
    3.4297339153e-03    1.0297011719e+05
    3.4486323129e-03    1.0293039844e+05
    3.4671388566e-03    1.0288299219e+05
    3.4854323603e-03    1.0283112500e+05
    3.5036695190e-03    1.0277000781e+05
    3.5219141282e-03    1.0270539844e+05
    3.5401545465e-03    1.0263700000e+05
    3.5583588760e-03    1.0256458594e+05
    3.5765271168e-03    1.0249559375e+05
    3.5946895368e-03    1.0243146094e+05
    3.6139658187e-03    1.0237342969e+05
    3.6330535077e-03    1.0232018750e+05
    3.6521453876e-03    1.0228203906e+05
    3.6699753255e-03    1.0225071094e+05
    3.6875614896e-03    1.0222614844e+05
    3.7050142419e-03    1.0221396094e+05
    3.7224807311e-03    1.0219697656e+05
    3.7400643341e-03    1.0218340625e+05
    3.7577797193e-03    1.0216900000e+05
    3.7755726371e-03    1.0216097656e+05
    3.7933769636e-03    1.0214528906e+05
    3.8111612666e-03    1.0213536719e+05
    3.8289318327e-03    1.0212689844e+05
    3.8467168342e-03    1.0212002344e+05
    3.8645383902e-03    1.0211464844e+05
    3.8824023213e-03    1.0210971094e+05
    3.9002960548e-03    1.0210436719e+05
    3.9182156324e-03    1.0209066406e+05
    3.9361710660e-03    1.0207460156e+05
    3.9541716687e-03    1.0205802344e+05
    3.9733103476e-03    1.0203674219e+05
    3.9924201556e-03    1.0201477344e+05
    4.0104058571e-03    1.0199714844e+05
    4.0284004062e-03    1.0198964844e+05
    4.0464363992e-03    1.0198352344e+05
    4.0656095371e-03    1.0197875781e+05
    4.0847789496e-03    1.0196809375e+05
    4.1039343923e-03    1.0196196094e+05
    4.1219722480e-03    1.0195446875e+05
    4.1400394402e-03    1.0194633594e+05
    4.1591953486e-03    1.0193450000e+05
    4.1784178466e-03    1.0192732031e+05
    4.1976389475e-03    1.0192103906e+05
    4.2168586515e-03    1.0191977344e+05
    4.2360713705e-03    1.0191012500e+05
    4.2552771047e-03    1.0190947656e+05
    4.2744791135e-03    1.0189928906e+05
    4.2936825193e-03    1.0187855469e+05
    4.3128933758e-03    1.0186549219e+05
    4.3321144767e-03    1.0184221875e+05
    4.3513495475e-03    1.0182783594e+05
    4.3705995195e-03    1.0181132031e+05
    4.3898657896e-03    1.0180055469e+05
    4.4091497548e-03    1.0178278906e+05
    4.4284537435e-03    1.0175518750e+05
    4.4477786869e-03    1.0172391406e+05
    4.4671236537e-03    1.0167771094e+05
    4.4864914380e-03    1.0162086719e+05
    4.5058806427e-03    1.0155685156e+05
    4.5252908021e-03    1.0148577344e+05
    4.5447219163e-03    1.0140783594e+05
    4.5641721226e-03    1.0132178906e+05
    4.5836409554e-03    1.0121919531e+05
    4.6031279489e-03    1.0110997656e+05
    4.6226321720e-03    1.0098889844e+05
    4.6421540901e-03    1.0086744531e+05
    4.6616927721e-03    1.0073864844e+05
    4.6812482178e-03    1.0061397656e+05
    4.7008208930e-03    1.0049564844e+05
    4.7204112634e-03    1.0039347656e+05
    4.7400193289e-03    1.0030827344e+05
    4.7596455552e-03    1.0023402344e+05
    4.7792894766e-03    1.0017966406e+05
    4.7989510931e-03    1.0014700781e+05
    4.8186304048e-03    1.0013615625e+05
    4.8383255489e-03    1.0015278906e+05
    4.8580355942e-03    1.0018188281e+05
    4.8777610064e-03    1.0023144531e+05
    4.8975008540e-03    1.0029081250e+05
    4.9172551371e-03    1.0035383594e+05
    4.9370229244e-03    1.0041685156e+05
    4.9568060786e-03    1.0047562500e+05
    4.9766036682e-03    1.0052532031e+05
    4.9964170903e-03    1.0057271094e+05
    5.0162458792e-03    1.0061258594e+05
    5.0360900350e-03    1.0064021094e+05
    5.0559476949e-03    1.0066617969e+05
    5.0758207217e-03    1.0068094531e+05
    5.0957072526e-03    1.0068444531e+05
    5.1156077534e-03    1.0068546094e+05
    5.1355226897e-03    1.0066885156e+05
    5.1554525271e-03    1.0064528906e+05
    5.1753963344e-03    1.0062615625e+05
    5.1953555085e-03    1.0060600000e+05
    5.2153295837e-03    1.0059310156e+05
    5.2353194915e-03    1.0058453906e+05
    5.2553247660e-03    1.0058677344e+05
    5.2753463387e-03    1.0058375000e+05
    5.2953832783e-03    1.0057775781e+05
    5.3154369816e-03    1.0057364844e+05
    5.3355065174e-03    1.0057772656e+05
    5.3555918857e-03    1.0058368750e+05
    5.3756926209e-03    1.0059864844e+05
    5.3958082572e-03    1.0061438281e+05
    5.4159392603e-03    1.0063047656e+05
    5.4360851645e-03    1.0064212500e+05
    5.4562464356e-03    1.0064887500e+05
    5.4764230736e-03    1.0065457031e+05
    5.4966160096e-03    1.0066180469e+05
    5.5168238468e-03    1.0066822656e+05
    5.5370470509e-03    1.0066866406e+05
    5.5572865531e-03    1.0066422656e+05
    5.5775423534e-03    1.0067506250e+05
    5.5978130549e-03    1.0067082031e+05
    5.6181000546e-03    1.0067046094e+05
    5.6384028867e-03    1.0067316406e+05
    5.6587206200e-03    1.0067732031e+05
    5.6790532544e-03    1.0068627344e+05
    5.6994007900e-03    1.0067996094e+05
    5.7197632268e-03    1.0068257031e+05
    5.7401410304e-03    1.0068528906e+05
    5.7605337352e-03    1.0067913281e+05
    5.7809422724e-03    1.0068897656e+05
    5.8013652451e-03    1.0069446094e+05
    5.8218040504e-03    1.0069847656e+05
    5.8422577567e-03    1.0070466406e+05
    5.8627268299e-03    1.0071575781e+05
    5.8832112700e-03    1.0072007031e+05
    5.9037101455e-03    1.0072361719e+05
    5.9242248535e-03    1.0072109375e+05
    5.9447535314e-03    1.0072536719e+05
    5.9641525149e-03    1.0073646094e+05
    5.9830932878e-03    1.0074108594e+05
    6.0020405799e-03    1.0075503906e+05
    6.0210367665e-03    1.0075981250e+05
    6.0400799848e-03    1.0076553906e+05
    6.0591096990e-03    1.0078171875e+05
    6.0781282373e-03    1.0081071875e+05
    6.0972142965e-03    1.0085702344e+05
    6.1162756756e-03    1.0095603906e+05
    6.1353649944e-03    1.0117083594e+05
    6.1544459313e-03    1.0162222656e+05
    6.1734300107e-03    1.0257492969e+05
    6.1924448237e-03    1.0445122656e+05
    6.2115197070e-03    1.0790599219e+05
    6.2306127511e-03    1.1361353906e+05
    6.2497169711e-03    1.2195935156e+05
    6.2688281760e-03    1.3258300000e+05
    6.2879407778e-03    1.4417792188e+05
    6.3070552424e-03    1.5492606250e+05
    6.3261794858e-03    1.6319845312e+05
    6.3453060575e-03    1.6831020312e+05
    6.3644465990e-03    1.7046728125e+05
    6.3835908659e-03    1.7048485938e+05
    6.4027444459e-03    1.6931218750e+05
    6.4219115302e-03    1.6773237500e+05
    6.4410855994e-03    1.6623453125e+05
    6.4602680504e-03    1.6495973438e+05
    6.4794607460e-03    1.6376310938e+05
    6.4986641519e-03    1.6252140625e+05
    6.5178787336e-03    1.6110862500e+05
    6.5371058881e-03    1.5950501562e+05
    6.5563363023e-03    1.5774325000e+05
    6.5755699761e-03    1.5591131250e+05
    6.5948092379e-03    1.5406332812e+05
    6.6140629351e-03    1.5228023438e+05
    6.6333152354e-03    1.5057006250e+05
    6.6525745206e-03    1.4894876562e+05
    6.6718445159e-03    1.4740234375e+05
    6.6911154427e-03    1.4590403125e+05
    6.7104012705e-03    1.4443064062e+05
    6.7296870984e-03    1.4298117188e+05
    6.7489854991e-03    1.4156134375e+05
    6.7682852969e-03    1.4018996875e+05
    6.7875892855e-03    1.3888757812e+05
    6.8069072440e-03    1.3766462500e+05
    6.8262196146e-03    1.3651448438e+05
    6.8455408327e-03    1.3545306250e+05
    6.8648783490e-03    1.3445670312e+05
    6.8842126057e-03    1.3351954688e+05
    6.9035501219e-03    1.3264025000e+05
    6.9228983484e-03    1.3180398438e+05
    6.9422605447e-03    1.3102447656e+05
    6.9616222754e-03    1.3028935156e+05
    6.9809844717e-03    1.2959177344e+05
    7.0003494620e-03    1.2893243750e+05
    7.0197195746e-03    1.2830708594e+05
    7.0390999317e-03    1.2771489844e+05
    7.0584909990e-03    1.2714864844e+05
    7.0778946392e-03    1.2661072656e+05
    7.0973108523e-03    1.2607808594e+05
    7.1167377755e-03    1.2556775000e+05
    7.1361698210e-03    1.2507838281e+05
    7.1556069888e-03    1.2460558594e+05
    7.1750483476e-03    1.2415696875e+05
    7.1944966912e-03    1.2373885156e+05
    7.2139529511e-03    1.2335438281e+05
    7.2334166616e-03    1.2299817969e+05
    7.2528840974e-03    1.2266734375e+05
    7.2723543271e-03    1.2235893750e+05
    7.2918278165e-03    1.2207061719e+05
    7.3113050312e-03    1.2179533594e+05
    7.3307845742e-03    1.2152855469e+05
    7.3502692394e-03    1.2126817969e+05
    7.3697618209e-03    1.2100750000e+05
    7.3892641813e-03    1.2075128906e+05
    7.4087800458e-03    1.2049225781e+05
    7.4282912537e-03    1.2021847656e+05
    7.4477996677e-03    1.1994947656e+05
    7.4673094787e-03    1.1966777344e+05
    7.4868267402e-03    1.1938171875e+05
    7.5063589029e-03    1.1909175781e+05
    7.5258887373e-03    1.1879166406e+05
    7.5454111211e-03    1.1848728906e+05
    7.5649353676e-03    1.1818116406e+05
    7.5844703242e-03    1.1787835156e+05
    7.6040057465e-03    1.1758381250e+05
    7.6235276647e-03    1.1729137500e+05
    7.6430505142e-03    1.1701878125e+05
    7.6625877991e-03    1.1675614844e+05
    7.6821087860e-03    1.1650822656e+05
    7.7016241848e-03    1.1626919531e+05
    7.7211544849e-03    1.1604855469e+05
    7.7406810597e-03    1.1583849219e+05
    7.7602043748e-03    1.1564410156e+05
    7.7797495760e-03    1.1546896094e+05
    7.7992938459e-03    1.1531065625e+05
    7.8188432381e-03    1.1517158594e+05
    7.8384252265e-03    1.1504944531e+05
    7.8580006957e-03    1.1493811719e+05
    7.8775910661e-03    1.1483919531e+05
    7.8972103074e-03    1.1474893750e+05
    7.9168286175e-03    1.1467010156e+05
    7.9364804551e-03    1.1460281250e+05
    7.9561360180e-03    1.1454227344e+05
    7.9758102074e-03    1.1448658594e+05
    7.9955114052e-03    1.1442828906e+05
    8.0152126029e-03    1.1436578906e+05
    8.0349491909e-03    1.1429007031e+05
    8.0546662211e-03    1.1421165625e+05
    8.0743944272e-03    1.1412146094e+05
    8.0941170454e-03    1.1402194531e+05
    8.1138620153e-03    1.1391366406e+05
    8.1336386502e-03    1.1380078125e+05
    8.1534720957e-03    1.1367025000e+05
    8.1733558327e-03    1.1353550781e+05
    8.1932730973e-03    1.1338905469e+05
    8.2132071257e-03    1.1324071094e+05
    8.2330890000e-03    1.1309243750e+05
    8.2529615611e-03    1.1295653906e+05
    8.2727763802e-03    1.1282997656e+05
    8.2926023751e-03    1.1271475781e+05
    8.3124246448e-03    1.1261488281e+05
    8.3322748542e-03    1.1252269531e+05
    8.3521194756e-03    1.1244556250e+05
    8.3719678223e-03    1.1237590625e+05
    8.3917891607e-03    1.1230889844e+05
    8.4116021171e-03    1.1225427344e+05
    8.4314141423e-03    1.1220507031e+05
    8.4512168542e-03    1.1216060156e+05
    8.4710381925e-03    1.1210978906e+05
    8.4908353165e-03    1.1206071094e+05
    8.5106678307e-03    1.1200703906e+05
    8.5304882377e-03    1.1194347656e+05
    8.5503393784e-03    1.1188925000e+05
    8.5699046031e-03    1.1181935156e+05
    8.5892248899e-03    1.1174906250e+05
    8.6083402857e-03    1.1167964844e+05
    8.6272666231e-03    1.1161635156e+05
    8.6460309103e-03    1.1155238281e+05
    8.6646731943e-03    1.1149358594e+05
    8.6832325906e-03    1.1144235156e+05
    8.7017398328e-03    1.1139424219e+05
    8.7202098221e-03    1.1134657031e+05
    8.7386453524e-03    1.1130403125e+05
    8.7570473552e-03    1.1126274219e+05
    8.7753897533e-03    1.1122616406e+05
    8.7936492637e-03    1.1119277344e+05
    8.8118780404e-03    1.1116547656e+05
    8.8300397620e-03    1.1114228906e+05
    8.8481390849e-03    1.1111580469e+05
    8.8662039489e-03    1.1109408594e+05
    8.8842641562e-03    1.1107344531e+05
    8.9023411274e-03    1.1105325000e+05
    8.9204348624e-03    1.1102791406e+05
    8.9385388419e-03    1.1099878125e+05
    8.9566456154e-03    1.1096383594e+05
    8.9747514576e-03    1.1092146094e+05
    8.9928600937e-03    1.1087514844e+05
    9.0109808370e-03    1.1082128125e+05
    9.0291155502e-03    1.1076785156e+05
    9.0472688898e-03    1.1070797656e+05
    9.0654399246e-03    1.1065619531e+05
    9.0836230665e-03    1.1060105469e+05
    9.1018192470e-03    1.1055068750e+05
    9.1200266033e-03    1.1049572656e+05
    9.1382460669e-03    1.1043471094e+05
    9.1564757749e-03    1.1037515625e+05
    9.1747231781e-03    1.1030691406e+05
    9.1929892078e-03    1.1023787500e+05
    9.2112747952e-03    1.1017000000e+05
    9.2295790091e-03    1.1010500000e+05
    9.2479009181e-03    1.1004378125e+05
    9.2662386596e-03    1.0997321875e+05
    9.2845931649e-03    1.0990622656e+05
    9.3029672280e-03    1.0983327344e+05
    9.3213599175e-03    1.0975619531e+05
    9.3397712335e-03    1.0968039844e+05
    9.3582011759e-03    1.0959628906e+05
    9.3766497448e-03    1.0951214844e+05
    9.3951150775e-03    1.0942160156e+05
    9.4135999680e-03    1.0932596875e+05
    9.4321016222e-03    1.0922330469e+05
    9.4506228343e-03    1.0912786719e+05
    9.4691645354e-03    1.0903135156e+05
    9.4877239317e-03    1.0894187500e+05
    9.5063010231e-03    1.0885137500e+05
    9.5248948783e-03    1.0876492969e+05
    9.5435054973e-03    1.0868381250e+05
    9.5621328801e-03    1.0860763281e+05
    9.5807760954e-03    1.0853756250e+05
    9.5994332805e-03    1.0846991406e+05
    9.6181081608e-03    1.0840775000e+05
    9.6367979422e-03    1.0835085156e+05
    9.6555035561e-03    1.0829414844e+05
    9.6742231399e-03    1.0824019531e+05
    9.6929576248e-03    1.0819768750e+05
    9.7117051482e-03    1.0814303906e+05
    9.7304685041e-03    1.0809089844e+05
    9.7492448986e-03    1.0803468750e+05
    9.7680361941e-03    1.0797634375e+05
    9.7868405282e-03    1.0791777344e+05
    9.8056588322e-03    1.0785903125e+05
    9.8244920373e-03    1.0780012500e+05
    9.8433364183e-03    1.0774564844e+05
    9.8621929064e-03    1.0768628906e+05
    9.8810633644e-03    1.0762171094e+05
    9.8999459296e-03    1.0755491406e+05
    9.9188406020e-03    1.0748255469e+05
    9.9377483130e-03    1.0740827344e+05
    9.9566690624e-03    1.0733803906e+05
    9.9756028503e-03    1.0726999219e+05
    9.9945487455e-03    1.0720225781e+05
    1.0013507679e-02    1.0713763281e+05
    1.0032479651e-02    1.0707596094e+05
    1.0051463731e-02    1.0701221094e+05
    1.0070459917e-02    1.0694408594e+05
    1.0089469142e-02    1.0688409375e+05
    1.0108492337e-02    1.0682502344e+05
    1.0127528571e-02    1.0676764844e+05
    1.0146577843e-02    1.0671510156e+05
    1.0165639222e-02    1.0665963281e+05
    1.0184712708e-02    1.0660513281e+05
    1.0203798302e-02    1.0655196875e+05
    1.0222896002e-02    1.0649922656e+05
    1.0242006741e-02    1.0645655469e+05
    1.0261129588e-02    1.0640502344e+05
    1.0280264542e-02    1.0635637500e+05
    1.0299413465e-02    1.0631344531e+05
    1.0318575427e-02    1.0626300000e+05
    1.0337748565e-02    1.0620743750e+05
    1.0356934741e-02    1.0614524219e+05
    1.0376133956e-02    1.0607340625e+05
    1.0395346209e-02    1.0599697656e+05
    1.0414571501e-02    1.0590589844e+05
    1.0433809832e-02    1.0580946094e+05
    1.0453061201e-02    1.0570452344e+05
    1.0472324677e-02    1.0559971094e+05
    1.0491601191e-02    1.0548164844e+05
    1.0510892607e-02    1.0535819531e+05
    1.0530196130e-02    1.0523127344e+05
    1.0549513623e-02    1.0510967969e+05
    1.0568842292e-02    1.0498443750e+05
    1.0588183999e-02    1.0486597656e+05
    1.0607538745e-02    1.0475363281e+05
    1.0626907460e-02    1.0464980469e+05
    1.0646289214e-02    1.0455088281e+05
    1.0665684007e-02    1.0446746094e+05
    1.0685092770e-02    1.0438731250e+05
    1.0704516433e-02    1.0430839844e+05
    1.0723951273e-02    1.0423833594e+05
    1.0743400082e-02    1.0416986719e+05
    1.0762862861e-02    1.0410446094e+05
    1.0782338679e-02    1.0403485156e+05
    1.0801829398e-02    1.0396003906e+05
    1.0821334086e-02    1.0387614844e+05
    1.0840852745e-02    1.0378632031e+05
    1.0860386305e-02    1.0368018750e+05
    1.0879932903e-02    1.0356614844e+05
    1.0899493471e-02    1.0344417969e+05
    1.0919069871e-02    1.0330836719e+05
    1.0938662104e-02    1.0317815625e+05
    1.0958270170e-02    1.0303522656e+05
    1.0977892205e-02    1.0289947656e+05
    1.0997531936e-02    1.0276774219e+05
    1.1017187499e-02    1.0263577344e+05
    1.1036860757e-02    1.0250921094e+05
    1.1056551710e-02    1.0238921094e+05
    1.1076259427e-02    1.0228102344e+05
    1.1095987633e-02    1.0217643750e+05
    1.1115733534e-02    1.0208531250e+05
    1.1135498993e-02    1.0199072656e+05
    1.1155283079e-02    1.0190558594e+05
    1.1175086722e-02    1.0182514844e+05
    1.1194912717e-02    1.0175614844e+05
    1.1214758269e-02    1.0169325781e+05
    1.1234625243e-02    1.0164669531e+05
    1.1254511774e-02    1.0161356250e+05
    1.1274418794e-02    1.0159750781e+05
    1.1294347234e-02    1.0158549219e+05
    1.1314296164e-02    1.0158668750e+05
    1.1334266514e-02    1.0159663281e+05
    1.1354257353e-02    1.0160546094e+05
    1.1374268681e-02    1.0162533594e+05
    1.1394302361e-02    1.0165478906e+05
    1.1414355598e-02    1.0167503906e+05
    1.1434430256e-02    1.0170257031e+05
    1.1454525404e-02    1.0171856250e+05
    1.1474640109e-02    1.0172578906e+05
    1.1494777165e-02    1.0173238281e+05
    1.1514934711e-02    1.0173250781e+05
    1.1535113677e-02    1.0172587500e+05
    1.1555313133e-02    1.0171685156e+05
    1.1575534008e-02    1.0169577344e+05
    1.1595774442e-02    1.0168078906e+05
    1.1616035365e-02    1.0165768750e+05
    1.1636316776e-02    1.0162728125e+05
    1.1656619608e-02    1.0159818750e+05
    1.1676942930e-02    1.0156733594e+05
    1.1697287671e-02    1.0153506250e+05
    1.1717652902e-02    1.0151092969e+05
    1.1738038622e-02    1.0149088281e+05
    1.1758443899e-02    1.0147713281e+05
    1.1778870597e-02    1.0146466406e+05
    1.1799318716e-02    1.0145959375e+05
    1.1819788255e-02    1.0147178906e+05
    1.1840280145e-02    1.0150814844e+05
    1.1860790662e-02    1.0157639844e+05
    1.1881321669e-02    1.0169305469e+05
    1.1901874095e-02    1.0187292969e+05
    1.1922447011e-02    1.0212809375e+05
    1.1943042278e-02    1.0248441406e+05
    1.1963658035e-02    1.0296978125e+05
    1.1984295212e-02    1.0360321094e+05
    1.2004952878e-02    1.0439477344e+05
    1.2025631964e-02    1.0535032031e+05
    1.2046331540e-02    1.0644209375e+05
    1.2067052536e-02    1.0763230469e+05
    1.2087795883e-02    1.0885228125e+05
    1.2108558789e-02    1.1001965625e+05
    1.2129344046e-02    1.1103658594e+05
    1.2150149792e-02    1.1184115625e+05
    1.2170976959e-02    1.1236803906e+05
    1.2191825546e-02    1.1261124219e+05
    1.2212695554e-02    1.1256941406e+05
    1.2233586982e-02    1.1228921875e+05
    1.2254500762e-02    1.1181305469e+05
    1.2275436893e-02    1.1119231250e+05
    1.2296394445e-02    1.1048608594e+05
    1.2317374349e-02    1.0975722656e+05
    1.2338375673e-02    1.0905000781e+05
    1.2359398417e-02    1.0841037500e+05
    1.2380442582e-02    1.0786703125e+05
    1.2401508167e-02    1.0741809375e+05
    1.2422595173e-02    1.0706428906e+05
    1.2443703599e-02    1.0675250781e+05
    1.2464834377e-02    1.0646415625e+05
    1.2485986575e-02    1.0614705469e+05
    1.2507158332e-02    1.0577697656e+05
    1.2528351508e-02    1.0534964844e+05
    1.2549565174e-02    1.0486675000e+05
    1.2570801191e-02    1.0434216406e+05
    1.2592058629e-02    1.0379878906e+05
    1.2613337487e-02    1.0325459375e+05
    1.2634636834e-02    1.0273178125e+05
    1.2655957602e-02    1.0225814844e+05
    1.2677297927e-02    1.0183813281e+05
    1.2698660605e-02    1.0148316406e+05
    1.2720043771e-02    1.0119800000e+05
    1.2741449289e-02    1.0096802344e+05
    1.2762876227e-02    1.0077691406e+05
    1.2784325518e-02    1.0061425781e+05
    1.2805794366e-02    1.0046659375e+05
    1.2827285565e-02    1.0033275000e+05
    1.2848797254e-02    1.0021843750e+05
    1.2870330364e-02    1.0011528906e+05
    1.2891885825e-02    1.0003115625e+05
    1.2913462706e-02    9.9961617188e+04
    1.2935061008e-02    9.9908062500e+04
    1.2956679799e-02    9.9873531250e+04
    1.2978320010e-02    9.9860781250e+04
    1.2999981642e-02    9.9872414062e+04
    1.3021663763e-02    9.9896085938e+04
    1.3043368235e-02    9.9927281250e+04
    1.3065092266e-02    9.9951914062e+04
    1.3086837716e-02    9.9966867188e+04
    1.3108605519e-02    9.9963148438e+04
    1.3130392879e-02    9.9942335938e+04
    1.3152201660e-02    9.9904039062e+04
    1.3174032792e-02    9.9851757812e+04
    1.3195885345e-02    9.9790445312e+04
    1.3217759319e-02    9.9739773438e+04
    1.3239653781e-02    9.9698695312e+04
    1.3261569664e-02    9.9685406250e+04
    1.3283506967e-02    9.9699937500e+04
    1.3305463828e-02    9.9744820312e+04
    1.3327440247e-02    9.9818945312e+04
    1.3349435292e-02    9.9907406250e+04
    1.3371448033e-02    1.0000782031e+05
    1.3393475674e-02    1.0010134375e+05
    1.3415516354e-02    1.0018066406e+05
    1.3437564485e-02    1.0024128125e+05
    1.3459613547e-02    1.0028083594e+05
    1.3481658883e-02    1.0029753125e+05
    1.3503690250e-02    1.0030502344e+05
    1.3525702059e-02    1.0030366406e+05
    1.3547683135e-02    1.0030431250e+05
    1.3569628820e-02    1.0030834375e+05
    1.3591531664e-02    1.0032221094e+05
    1.3613392599e-02    1.0034784375e+05
    1.3635210693e-02    1.0037685156e+05
    1.3656994328e-02    1.0040985156e+05
    1.3678749092e-02    1.0044625781e+05
    1.3700488023e-02    1.0046989844e+05
    1.3722228818e-02    1.0049840625e+05
    1.3743981719e-02    1.0051496094e+05
    1.3765762560e-02    1.0053057031e+05
    1.3787578791e-02    1.0053758594e+05
    1.3809437864e-02    1.0054622656e+05
    1.3831341639e-02    1.0055286719e+05
    1.3853288256e-02    1.0054908594e+05
    1.3875273056e-02    1.0054791406e+05
    1.3897285797e-02    1.0054639844e+05
    1.3919321820e-02    1.0054892969e+05
    1.3941374607e-02    1.0055592969e+05
    1.3963440433e-02    1.0056350000e+05
    1.3985517435e-02    1.0057628906e+05
    1.4007603750e-02    1.0058560156e+05
    1.4029704034e-02    1.0059574219e+05
    1.4051820152e-02    1.0060410156e+05
    1.4073957689e-02    1.0061557031e+05
    1.4096121304e-02    1.0062492969e+05
    1.4118315652e-02    1.0062703125e+05
    1.4140545391e-02    1.0063368750e+05
    1.4162814245e-02    1.0064039844e+05
    1.4185124077e-02    1.0063650000e+05
    1.4207473956e-02    1.0063983594e+05
    1.4229862019e-02    1.0063259375e+05
    1.4252286404e-02    1.0062217969e+05
    1.4274741523e-02    1.0061352344e+05
    1.4297228307e-02    1.0060233594e+05
    1.4319745824e-02    1.0058821094e+05
    1.4342290349e-02    1.0056158594e+05
    1.4364863746e-02    1.0053564844e+05
    1.4387467876e-02    1.0049596094e+05
    1.4410103671e-02    1.0045496875e+05
    1.4432771131e-02    1.0041371094e+05
    1.4455472119e-02    1.0036735156e+05
    1.4478209428e-02    1.0032178906e+05
    1.4500979334e-02    1.0026357031e+05
    1.4523783699e-02    1.0020659375e+05
    1.4546621591e-02    1.0014714844e+05
    1.4569494873e-02    1.0008464844e+05
    1.4592399821e-02    1.0002443750e+05
    1.4615339227e-02    9.9962031250e+04
    1.4638305642e-02    9.9898414062e+04
    1.4661304653e-02    9.9838851562e+04
    1.4684336260e-02    9.9779039062e+04
    1.4707398601e-02    9.9727039062e+04
    1.4730494469e-02    9.9681179688e+04
    1.4753622934e-02    9.9644125000e+04
    1.4776783995e-02    9.9610007812e+04
    1.4799979515e-02    9.9583593750e+04
    1.4823205769e-02    9.9569476562e+04
    1.4846466482e-02    9.9558679688e+04
    1.4869757928e-02    9.9555789062e+04
    1.4893081971e-02    9.9558867188e+04
    1.4916437678e-02    9.9560843750e+04
    1.4939822257e-02    9.9573632812e+04
    1.4963239431e-02    9.9592062500e+04
    1.4986685477e-02    9.9617726562e+04
    1.5010161325e-02    9.9637257812e+04
    1.5033668838e-02    9.9654414062e+04
    1.5057205223e-02    9.9675062500e+04
    1.5080772340e-02    9.9703023438e+04
    1.5104367398e-02    9.9725195312e+04
    1.5127992257e-02    9.9748460938e+04
    1.5151646920e-02    9.9776312500e+04
    1.5175330453e-02    9.9809617188e+04
    1.5199041925e-02    9.9842914062e+04
    1.5222782269e-02    9.9874492188e+04
    1.5246548690e-02    9.9909562500e+04
    1.5270343982e-02    9.9952210938e+04
    1.5294168144e-02    9.9998289062e+04
    1.5318016522e-02    1.0004697656e+05
    1.5341891907e-02    1.0009285156e+05
    1.5365792438e-02    1.0014542969e+05
    1.5389721841e-02    1.0018888281e+05
    1.5413676389e-02    1.0023714844e+05
    1.5437657945e-02    1.0028100781e+05
    1.5461664647e-02    1.0033334375e+05
    1.5485695563e-02    1.0038787500e+05
    1.5509752557e-02    1.0043762500e+05
    1.5533835627e-02    1.0048965625e+05
    1.5557944775e-02    1.0054455469e+05
    1.5582079068e-02    1.0060474219e+05
    1.5606240369e-02    1.0066850000e+05
    1.5630424023e-02    1.0073307031e+05
    1.5654634684e-02    1.0080244531e+05
    1.5678871423e-02    1.0086705469e+05
    1.5703132376e-02    1.0093211719e+05
    1.5727419406e-02    1.0099353125e+05
    1.5751728788e-02    1.0105321094e+05
    1.5776060522e-02    1.0110690625e+05
    1.5800418332e-02    1.0116018750e+05
    1.5824800357e-02    1.0120388281e+05
    1.5849204734e-02    1.0124457031e+05
    1.5873633325e-02    1.0127943750e+05
    1.5898084268e-02    1.0131347656e+05
    1.5922557563e-02    1.0134071094e+05
    1.5947058797e-02    1.0136994531e+05
    1.5971582383e-02    1.0140078125e+05
    1.5996130183e-02    1.0143103906e+05
    1.6020702198e-02    1.0145632031e+05
    1.6045298427e-02    1.0148808594e+05
    1.6069920734e-02    1.0151486719e+05
    1.6094569117e-02    1.0154835156e+05
    1.6119243577e-02    1.0158132031e+05
    1.6143942252e-02    1.0160878906e+05
    1.6168667004e-02    1.0163490625e+05
    1.6193419695e-02    1.0165466406e+05
    1.6218200326e-02    1.0166987500e+05
    1.6243007034e-02    1.0168682031e+05
    1.6267839819e-02    1.0169307031e+05
    1.6292702407e-02    1.0170421094e+05
    1.6317596659e-02    1.0171242969e+05
    1.6342513263e-02    1.0172064844e+05
    1.6367461532e-02    1.0172212500e+05
    1.6392435879e-02    1.0172141406e+05
    1.6417443752e-02    1.0172166406e+05
    1.6442479566e-02    1.0171503906e+05
    1.6467543319e-02    1.0171028906e+05
    1.6492636874e-02    1.0169822656e+05
    1.6517756507e-02    1.0168242969e+05
    1.6542907804e-02    1.0166716406e+05
    1.6568088904e-02    1.0165771875e+05
    1.6593271866e-02    1.0165477344e+05
    1.6618426889e-02    1.0164377344e+05
    1.6643559560e-02    1.0164240625e+05
    1.6668669879e-02    1.0164110156e+05
    1.6693757847e-02    1.0164457031e+05
    1.6718825325e-02    1.0164703906e+05
    1.6743874177e-02    1.0166388281e+05
    1.6768900678e-02    1.0167658594e+05
    1.6793908551e-02    1.0170159375e+05
    1.6818899661e-02    1.0172996094e+05
    1.6843874007e-02    1.0175672656e+05
    1.6868829727e-02    1.0178096094e+05
    1.6893770546e-02    1.0181264844e+05
    1.6918692738e-02    1.0183808594e+05
    1.6943598166e-02    1.0186975000e+05
    1.6968490556e-02    1.0189752344e+05
    1.6993366182e-02    1.0192610156e+05
    1.7018226907e-02    1.0194897656e+05
    1.7043072730e-02    1.0196640625e+05
    1.7067901790e-02    1.0198663281e+05
    1.7092714086e-02    1.0200553906e+05
    1.7117511481e-02    1.0201891406e+05
    1.7142292112e-02    1.0203991406e+05
    1.7167057842e-02    1.0204946875e+05
    1.7191808671e-02    1.0204627344e+05
    1.7216544598e-02    1.0204966406e+05
    1.7241263762e-02    1.0205005469e+05
    1.7265968025e-02    1.0203713281e+05
    1.7290659249e-02    1.0202835156e+05
    1.7315333709e-02    1.0200535156e+05
    1.7339993268e-02    1.0198164844e+05
    1.7364639789e-02    1.0194862500e+05
    1.7389267683e-02    1.0191087500e+05
    1.7413880676e-02    1.0187158594e+05
    1.7438478768e-02    1.0183165625e+05
    1.7463061959e-02    1.0178552344e+05
    1.7487626523e-02    1.0174196094e+05
    1.7512176186e-02    1.0169709375e+05
    1.7536709085e-02    1.0165834375e+05
    1.7561223358e-02    1.0161588281e+05
    1.7585720867e-02    1.0158842969e+05
    1.7610201612e-02    1.0155889844e+05
    1.7634663731e-02    1.0154353125e+05
    1.7659107223e-02    1.0153300781e+05
    1.7683532089e-02    1.0153866406e+05
    1.7707940191e-02    1.0155140625e+05
    1.7732329667e-02    1.0157721875e+05
    1.7756698653e-02    1.0162605469e+05
    1.7781050876e-02    1.0169161719e+05
    1.7805384472e-02    1.0178050781e+05
    1.7829699442e-02    1.0189505469e+05
    1.7853999510e-02    1.0203016406e+05
    1.7878280953e-02    1.0218307031e+05
    1.7902545631e-02    1.0234934375e+05
    1.7926793545e-02    1.0253727344e+05
    1.7951028422e-02    1.0272874219e+05
    1.7975246534e-02    1.0293310156e+05
    1.7999447882e-02    1.0312844531e+05
    1.8023636192e-02    1.0330892969e+05
    1.8047811463e-02    1.0347438281e+05
    1.8071975559e-02    1.0360160156e+05
    1.8096126616e-02    1.0370560156e+05
    1.8120266497e-02    1.0375374219e+05
    1.8144397065e-02    1.0376083594e+05
    1.8168520182e-02    1.0372244531e+05
    1.8192630261e-02    1.0363664844e+05
    1.8216732889e-02    1.0349457031e+05
    1.8240824342e-02    1.0331215625e+05
    1.8264908344e-02    1.0309439844e+05
    1.8288983032e-02    1.0284328906e+05
    1.8313048407e-02    1.0257125000e+05
    1.8337102607e-02    1.0228502344e+05
    1.8361147493e-02    1.0200466406e+05
    1.8385183066e-02    1.0174489844e+05
    1.8409207463e-02    1.0150460156e+05
    1.8433224410e-02    1.0129650000e+05
    1.8457230181e-02    1.0111428906e+05
    1.8481226638e-02    1.0096097656e+05
    1.8505210057e-02    1.0084015625e+05
    1.8529184163e-02    1.0075536719e+05
    1.8553148955e-02    1.0069297656e+05
    1.8577100709e-02    1.0064982031e+05
    1.8601041287e-02    1.0062485156e+05
    1.8624972552e-02    1.0061586719e+05
    1.8648892641e-02    1.0062243750e+05
    1.8672801554e-02    1.0064733594e+05
    1.8696699291e-02    1.0068913281e+05
    1.8720587716e-02    1.0073910156e+05
    1.8744463101e-02    1.0079775000e+05
    1.8768329173e-02    1.0086331250e+05
    1.8792184070e-02    1.0093383594e+05
    1.8816027790e-02    1.0101006250e+05
    1.8839860335e-02    1.0108178906e+05
    1.8863683566e-02    1.0115142969e+05
    1.8887493759e-02    1.0121972656e+05
    1.8911294639e-02    1.0128328125e+05
    1.8935086206e-02    1.0133858594e+05
    1.8958866596e-02    1.0139025000e+05
    1.8982635811e-02    1.0142937500e+05
    1.9006397575e-02    1.0146891406e+05
    1.9030146301e-02    1.0151833594e+05
    1.9053885713e-02    1.0156422656e+05
    1.9077615812e-02    1.0161122656e+05
    1.9101334736e-02    1.0165807031e+05
    1.9125042483e-02    1.0170177344e+05
    1.9148740917e-02    1.0175503125e+05
    1.9172428176e-02    1.0179983594e+05
    1.9196104258e-02    1.0184575000e+05
    1.9219771028e-02    1.0189211719e+05
    1.9243424758e-02    1.0193597656e+05
    1.9267069176e-02    1.0197552344e+05
    1.9290700555e-02    1.0200946094e+05
    1.9314322621e-02    1.0204462500e+05
    1.9337931648e-02    1.0208337500e+05
    1.9361529499e-02    1.0211514844e+05
    1.9385114312e-02    1.0214685156e+05
    1.9408687949e-02    1.0218425000e+05
    1.9432250410e-02    1.0222159375e+05
    1.9455801696e-02    1.0224921094e+05
    1.9479339942e-02    1.0228131250e+05
    1.9502865151e-02    1.0231422656e+05
    1.9526379183e-02    1.0234666406e+05
    1.9549878314e-02    1.0236996094e+05
    1.9573366269e-02    1.0239091406e+05
    1.9596841186e-02    1.0240266406e+05
    1.9620303065e-02    1.0241147656e+05
    1.9643751904e-02    1.0241890625e+05
    1.9667187706e-02    1.0242247656e+05
    1.9690606743e-02    1.0242082031e+05
    1.9714014605e-02    1.0241140625e+05
    1.9737409428e-02    1.0241330469e+05
    1.9760791212e-02    1.0241328906e+05
    1.9784159958e-02    1.0240346875e+05
    1.9807513803e-02    1.0239122656e+05
    1.9830854610e-02    1.0238085156e+05
    1.9854182377e-02    1.0236802344e+05
    1.9877497107e-02    1.0235966406e+05
    1.9900798798e-02    1.0234574219e+05
    1.9924087450e-02    1.0233046094e+05
    1.9947361201e-02    1.0232303906e+05
    1.9970623776e-02    1.0231185156e+05
    1.9993871450e-02    1.0230019531e+05
    2.0017107949e-02    1.0228747656e+05
    2.0040329546e-02    1.0227447656e+05
    2.0063538104e-02    1.0226877344e+05
    2.0086731762e-02    1.0225596094e+05
    2.0109914243e-02    1.0224788281e+05
    2.0133081824e-02    1.0224150000e+05
    2.0156236365e-02    1.0223461719e+05
    2.0179376006e-02    1.0221746094e+05
    2.0202504471e-02    1.0221043750e+05
    2.0225618035e-02    1.0220346094e+05
    2.0248720422e-02    1.0219717969e+05
    2.0271807909e-02    1.0219105469e+05
    2.0294882357e-02    1.0218496875e+05
    2.0317947492e-02    1.0217905469e+05
    2.0340997726e-02    1.0217299219e+05
    2.0364036784e-02    1.0216810156e+05
    2.0387060940e-02    1.0217000781e+05
    2.0410073921e-02    1.0216764844e+05
    2.0433073863e-02    1.0215592969e+05
    2.0456060767e-02    1.0215211719e+05
    2.0479036495e-02    1.0215558594e+05
    2.0501999184e-02    1.0215197656e+05
    2.0524948835e-02    1.0214906250e+05
    2.0547885448e-02    1.0214652344e+05
    2.0570809022e-02    1.0213960156e+05
    2.0593719557e-02    1.0213362500e+05
    2.0616617054e-02    1.0213263281e+05
    2.0639499649e-02    1.0212149219e+05
    2.0662369207e-02    1.0211934375e+05
    2.0685223863e-02    1.0211847656e+05
    2.0708063617e-02    1.0210808594e+05
    2.0730890334e-02    1.0209888281e+05
    2.0753700286e-02    1.0208558594e+05
    2.0776495337e-02    1.0206274219e+05
    2.0799275488e-02    1.0204289844e+05
    2.0822042599e-02    1.0202936719e+05
    2.0844791085e-02    1.0201033594e+05
    2.0867524669e-02    1.0200788281e+05
    2.0890241489e-02    1.0198864844e+05
    2.0912945271e-02    1.0197377344e+05
    2.0935632288e-02    1.0195353906e+05
    2.0958306268e-02    1.0193812500e+05
    2.0980965346e-02    1.0191489844e+05
    2.1003607661e-02    1.0190071094e+05
    2.1026238799e-02    1.0188610156e+05
    2.1048855036e-02    1.0187261719e+05
    2.1071458235e-02    1.0185647656e+05
    2.1094048396e-02    1.0184100781e+05
    2.1116625518e-02    1.0182830469e+05
    2.1139191464e-02    1.0182024219e+05
    2.1161744371e-02    1.0180846094e+05
    2.1184286103e-02    1.0180653906e+05
    2.1206818521e-02    1.0179503125e+05
    2.1229337901e-02    1.0177403906e+05
    2.1251846105e-02    1.0176196094e+05
    2.1274344996e-02    1.0175209375e+05
    2.1296832711e-02    1.0174572656e+05
    2.1319312975e-02    1.0174127344e+05
    2.1341778338e-02    1.0173507031e+05
    2.1364232525e-02    1.0172461719e+05
    2.1386675537e-02    1.0171071094e+05
    2.1409107372e-02    1.0170113281e+05
    2.1431528032e-02    1.0169580469e+05
    2.1453931928e-02    1.0168675781e+05
    2.1476324648e-02    1.0168767969e+05
    2.1498700604e-02    1.0168590625e+05
    2.1521063522e-02    1.0168403906e+05
    2.1543409675e-02    1.0168308594e+05
    2.1565740928e-02    1.0168240625e+05
    2.1588053554e-02    1.0168533594e+05
    2.1610351279e-02    1.0168446094e+05
    2.1632634103e-02    1.0169077344e+05
    2.1654898301e-02    1.0169312500e+05
    2.1677147597e-02    1.0169710156e+05
    2.1699378267e-02    1.0170616406e+05
    2.1721594036e-02    1.0171585156e+05
    2.1743793041e-02    1.0172403906e+05
    2.1765975282e-02    1.0173058594e+05
    2.1788140759e-02    1.0173471094e+05
    2.1810289472e-02    1.0174078906e+05
    2.1832419559e-02    1.0174263281e+05
    2.1854531020e-02    1.0174417969e+05
    2.1876627579e-02    1.0175108594e+05
    2.1898705512e-02    1.0175816406e+05
    2.1920768544e-02    1.0176132031e+05
    2.1942811087e-02    1.0176558594e+05
    2.1964838728e-02    1.0177396875e+05
    2.1986849606e-02    1.0177327344e+05
    2.2008845583e-02    1.0177786719e+05
    2.2030822933e-02    1.0178249219e+05
    2.2052785382e-02    1.0178706250e+05
    2.2074732929e-02    1.0179110156e+05
    2.2096665576e-02    1.0179578906e+05
    2.2118583322e-02    1.0180087500e+05
    2.2140489891e-02    1.0180550000e+05
    2.2162377834e-02    1.0181059375e+05
    2.2184254602e-02    1.0181516406e+05
    2.2206118330e-02    1.0181567969e+05
    2.2227969021e-02    1.0182039844e+05
    2.2249806672e-02    1.0182989844e+05
    2.2271629423e-02    1.0183036719e+05
    2.2293440998e-02    1.0183578906e+05
    2.2315241396e-02    1.0183603906e+05
    2.2337028757e-02    1.0184089844e+05
    2.2358803079e-02    1.0184630469e+05
    2.2380566224e-02    1.0185065625e+05
    2.2402318195e-02    1.0185541406e+05
    2.2424057126e-02    1.0185471094e+05
    2.2445784882e-02    1.0185325781e+05
    2.2467501462e-02    1.0185668750e+05
    2.2489206865e-02    1.0186447656e+05
    2.2510899231e-02    1.0187260156e+05
    2.2532582283e-02    1.0186656250e+05
    2.2554252297e-02    1.0187903906e+05
    2.2575911134e-02    1.0187340625e+05
    2.2597560659e-02    1.0187644531e+05
    2.2619199008e-02    1.0188180469e+05
    2.2640828043e-02    1.0188707031e+05
    2.2662445903e-02    1.0188739844e+05
    2.2684050724e-02    1.0189231250e+05
    2.2705646232e-02    1.0189396094e+05
    2.2727232426e-02    1.0189558594e+05
    2.2748809308e-02    1.0190142969e+05
    2.2770375013e-02    1.0190134375e+05
    2.2791929543e-02    1.0189574219e+05
    2.2813472897e-02    1.0189688281e+05
    2.2835006937e-02    1.0189678906e+05
    2.2856531665e-02    1.0188978125e+05
    2.2878047079e-02    1.0188988281e+05
    2.2899549454e-02    1.0189421094e+05
    2.2921044379e-02    1.0189457031e+05
    2.2942528129e-02    1.0188812500e+05
    2.2964000702e-02    1.0188822656e+05
    2.2985465825e-02    1.0188321094e+05
    2.3006917909e-02    1.0188247656e+05
    2.3028360680e-02    1.0187659375e+05
    2.3049792275e-02    1.0187513281e+05
    2.3071214557e-02    1.0187421094e+05
    2.3092625663e-02    1.0187381250e+05
    2.3114029318e-02    1.0187274219e+05
    2.3135419935e-02    1.0187163281e+05
    2.3156799376e-02    1.0186578906e+05
    2.3178169504e-02    1.0186446094e+05
    2.3199530318e-02    1.0186815625e+05
    2.3220879957e-02    1.0186721875e+05
    2.3242218420e-02    1.0186199219e+05
    2.3263547570e-02    1.0186582031e+05
    2.3284865543e-02    1.0186494531e+05
    2.3306174204e-02    1.0186496094e+05
    2.3327469826e-02    1.0186446094e+05
    2.3348756135e-02    1.0186617969e+05
    2.3370031267e-02    1.0186796094e+05
    2.3391297087e-02    1.0186343750e+05
    2.3412553594e-02    1.0186328125e+05
    2.3433798924e-02    1.0186356250e+05
    2.3455033079e-02    1.0187072656e+05
    2.3476256058e-02    1.0186881250e+05
    2.3497469723e-02    1.0186878906e+05
    2.3518672213e-02    1.0187347656e+05
    2.3539865389e-02    1.0187330469e+05
    2.3561049253e-02    1.0187332031e+05
    2.3582221940e-02    1.0188319531e+05
    2.3603385314e-02    1.0188992969e+05
    2.3624535650e-02    1.0190199219e+05
    2.3645676672e-02    1.0191077344e+05
    2.3666808382e-02    1.0192565625e+05
    2.3687927052e-02    1.0194107031e+05
    2.3709038273e-02    1.0195715625e+05
    2.3730138317e-02    1.0197422656e+05
    2.3751227185e-02    1.0199142969e+05
    2.3772306740e-02    1.0200975781e+05
    2.3793375120e-02    1.0202900781e+05
    2.3814432323e-02    1.0204503906e+05
    2.3835480213e-02    1.0206716406e+05
    2.3856516927e-02    1.0209019531e+05
    2.3877544329e-02    1.0211058594e+05
    2.3898560554e-02    1.0212758594e+05
    2.3919565603e-02    1.0214628125e+05
    2.3940561339e-02    1.0216008594e+05
    2.3961545900e-02    1.0216366406e+05
    2.3982519284e-02    1.0217600781e+05
    2.4003483355e-02    1.0218121094e+05
    2.4024436250e-02    1.0219071875e+05
    2.4045377970e-02    1.0218797656e+05
    2.4066310376e-02    1.0218378906e+05
    2.4087233469e-02    1.0217585156e+05
    2.4108145386e-02    1.0217144531e+05
    2.4129044265e-02    1.0215711719e+05
    2.4149935693e-02    1.0214025000e+05
    2.4170814082e-02    1.0211589844e+05
    2.4191683158e-02    1.0208472656e+05
    2.4212542921e-02    1.0205052344e+05
    2.4233391508e-02    1.0200863281e+05
    2.4254228920e-02    1.0196621094e+05
    2.4275057018e-02    1.0192505469e+05
    2.4295873940e-02    1.0188109375e+05
    2.4316681549e-02    1.0184696094e+05
    2.4337477982e-02    1.0180928906e+05
    2.4358265102e-02    1.0178722656e+05
    2.4379042909e-02    1.0176028906e+05
    2.4399809539e-02    1.0174375781e+05
    2.4420566857e-02    1.0174291406e+05
    2.4441312999e-02    1.0174382031e+05
    2.4462047964e-02    1.0175415625e+05
    2.4482775480e-02    1.0177275781e+05
    2.4503491819e-02    1.0179703125e+05
    2.4524198845e-02    1.0182982031e+05
    2.4544894695e-02    1.0185689844e+05
    2.4565581232e-02    1.0189185156e+05
    2.4586258456e-02    1.0192469531e+05
    2.4606924504e-02    1.0196053125e+05
    2.4627581239e-02    1.0199490625e+05
    2.4648228660e-02    1.0202603125e+05
    2.4668866768e-02    1.0205464844e+05
    2.4689495564e-02    1.0207913281e+05
    2.4710113183e-02    1.0210462500e+05
    2.4730721489e-02    1.0212136719e+05
    2.4751318619e-02    1.0214239844e+05
    2.4771906435e-02    1.0216361719e+05
    2.4792486802e-02    1.0218008594e+05
    2.4813055992e-02    1.0218782031e+05
    2.4833614007e-02    1.0220380469e+05
    2.4854162708e-02    1.0221940625e+05
    2.4874702096e-02    1.0222964844e+05
    2.4895232171e-02    1.0223937500e+05
    2.4915752932e-02    1.0225314844e+05
    2.4936262518e-02    1.0225746094e+05
    2.4956764653e-02    1.0227085156e+05
    2.4977253750e-02    1.0228071875e+05
    2.4997735396e-02    1.0228635156e+05
    2.5018205866e-02    1.0229885156e+05
    2.5038668886e-02    1.0231410156e+05
    2.5059120730e-02    1.0232639844e+05
    2.5079563260e-02    1.0233640625e+05
    2.5099996477e-02    1.0233941406e+05
    2.5120420381e-02    1.0235062500e+05
    2.5140833110e-02    1.0235131250e+05
    2.5161236525e-02    1.0234988281e+05
    2.5181630626e-02    1.0234803125e+05
    2.5202017277e-02    1.0234542969e+05
    2.5222390890e-02    1.0235141406e+05
    2.5242757052e-02    1.0234771094e+05
    2.5263112038e-02    1.0234321094e+05
    2.5283459574e-02    1.0233703906e+05
    2.5303795934e-02    1.0232962500e+05
    2.5324124843e-02    1.0232165625e+05
    2.5344440714e-02    1.0231202344e+05
    2.5364749134e-02    1.0230272656e+05
    2.5385048240e-02    1.0229427344e+05
    2.5405339897e-02    1.0228999219e+05
    2.5425618514e-02    1.0228699219e+05
    2.5445887819e-02    1.0227402344e+05
    2.5466147810e-02    1.0226975000e+05
    2.5486400351e-02    1.0225646875e+05
    2.5506639853e-02    1.0225185156e+05
    2.5526873767e-02    1.0223696875e+05
    2.5547094643e-02    1.0223122656e+05
    2.5567308068e-02    1.0222052344e+05
    2.5587510318e-02    1.0221439844e+05
    2.5607703254e-02    1.0220784375e+05
    2.5627886876e-02    1.0220603125e+05
    2.5648061186e-02    1.0219396094e+05
    2.5668226182e-02    1.0218227344e+05
    2.5688380003e-02    1.0217450781e+05
    2.5708526373e-02    1.0216650781e+05
    2.5728661567e-02    1.0215818750e+05
    2.5748789310e-02    1.0215119531e+05
    2.5768904015e-02    1.0214553125e+05
    2.5789011270e-02    1.0214019531e+05
    2.5809109211e-02    1.0213218750e+05
    2.5829195976e-02    1.0212194531e+05
    2.5849273428e-02    1.0211155469e+05
    2.5869343430e-02    1.0210378906e+05
    2.5889402255e-02    1.0209614844e+05
    2.5909451768e-02    1.0209360156e+05
    2.5929493830e-02    1.0209197656e+05
    2.5949522853e-02    1.0208635156e+05
    2.5969544426e-02    1.0208135156e+05
    2.5989556685e-02    1.0207644531e+05
    2.6009559631e-02    1.0207712500e+05
    2.6029553264e-02    1.0207821875e+05
    2.6049537584e-02    1.0207662500e+05
    2.6069512591e-02    1.0207983594e+05
    2.6089478284e-02    1.0208453125e+05
    2.6109432802e-02    1.0208983594e+05
    2.6129379869e-02    1.0209119531e+05
    2.6149315760e-02    1.0209319531e+05
    2.6169244200e-02    1.0210496094e+05
    2.6189163327e-02    1.0210940625e+05
    2.6209073141e-02    1.0212309375e+05
    2.6228975505e-02    1.0212883594e+05
    2.6248866692e-02    1.0214391406e+05
    2.6268748567e-02    1.0215100000e+05
    2.6288621128e-02    1.0216047656e+05
    2.6308484375e-02    1.0216709375e+05
    2.6328338310e-02    1.0217614844e+05
    2.6348184794e-02    1.0218300781e+05
    2.6368021965e-02    1.0219389844e+05
    2.6387847960e-02    1.0220486719e+05
    2.6407664642e-02    1.0221100781e+05
    2.6427472010e-02    1.0221213281e+05
    2.6447271928e-02    1.0221807031e+05
    2.6467062533e-02    1.0222358594e+05
    2.6486843824e-02    1.0222850781e+05
    2.6506617665e-02    1.0223800000e+05
    2.6526380330e-02    1.0224219531e+05
    2.6546133682e-02    1.0224122656e+05
    2.6565877721e-02    1.0224391406e+05
    2.6585612446e-02    1.0224647656e+05
    2.6605339721e-02    1.0224877344e+05
    2.6625057682e-02    1.0225158594e+05
    2.6644766331e-02    1.0225358594e+05
    2.6664465666e-02    1.0225594531e+05
    2.6684155688e-02    1.0225753906e+05
    2.6703836396e-02    1.0225622656e+05
    2.6723509654e-02    1.0225646094e+05
    2.6743173599e-02    1.0224938281e+05
    2.6762828231e-02    1.0225146875e+05
    2.6782475412e-02    1.0225316406e+05
    2.6802113280e-02    1.0225739844e+05
    2.6821739972e-02    1.0225769531e+05
    2.6841359213e-02    1.0225083594e+05
    2.6860967278e-02    1.0224775781e+05
    2.6880569756e-02    1.0224689844e+05
    2.6900164783e-02    1.0224347656e+05
    2.6919748634e-02    1.0223989844e+05
    2.6939325035e-02    1.0224410156e+05
    2.6958892122e-02    1.0224321094e+05
    2.6978449896e-02    1.0224222656e+05
    2.6997998357e-02    1.0224162500e+05
    2.7017539367e-02    1.0223560156e+05
    2.7037071064e-02    1.0223397656e+05
    2.7056595311e-02    1.0223222656e+05
    2.7076110244e-02    1.0223096875e+05
    2.7095617726e-02    1.0223019531e+05
    2.7115115896e-02    1.0222919531e+05
    2.7134604752e-02    1.0222884375e+05
    2.7154086158e-02    1.0222841406e+05
    2.7173558250e-02    1.0222775000e+05
    2.7193021029e-02    1.0222716406e+05
    2.7212476358e-02    1.0222675781e+05
    2.7231922373e-02    1.0222614844e+05
    2.7251357213e-02    1.0222594531e+05
    2.7270786464e-02    1.0223496094e+05
    2.7290204540e-02    1.0223514844e+05
    2.7309613302e-02    1.0222608594e+05
    2.7329014614e-02    1.0222647656e+05
    2.7348404750e-02    1.0223164844e+05
    2.7367785573e-02    1.0222727344e+05
    2.7387158945e-02    1.0222782031e+05
    2.7406521142e-02    1.0223775781e+05
    2.7425874025e-02    1.0223885156e+05
    2.7445219457e-02    1.0223974219e+05
    2.7464553714e-02    1.0223596875e+05
    2.7483878657e-02    1.0223677344e+05
    2.7503194287e-02    1.0223471094e+05
    2.7522502467e-02    1.0224203125e+05
    2.7541799471e-02    1.0224196094e+05
    2.7561087161e-02    1.0224213281e+05
    2.7580365539e-02    1.0224314844e+05
    2.7599634603e-02    1.0223733594e+05
    2.7618894354e-02    1.0224550781e+05
    2.7638144791e-02    1.0224697656e+05
    2.7657385916e-02    1.0224852344e+05
    2.7676619589e-02    1.0224950000e+05
    2.7695843950e-02    1.0225077344e+05
    2.7715058997e-02    1.0225144531e+05
    2.7734262869e-02    1.0225183594e+05
    2.7753459290e-02    1.0225275000e+05
    2.7772648260e-02    1.0225340625e+05
    2.7791827917e-02    1.0225453906e+05
    2.7810998261e-02    1.0225561719e+05
    2.7830159292e-02    1.0225641406e+05
    2.7849311009e-02    1.0225741406e+05
    2.7868455276e-02    1.0225112500e+05
    2.7887590230e-02    1.0224896094e+05
    2.7906717733e-02    1.0225171094e+05
    2.7925835922e-02    1.0225002344e+05
    2.7944946662e-02    1.0225531250e+05
    2.7964048088e-02    1.0225612500e+05
    2.7983140200e-02    1.0225108594e+05
    2.8002224863e-02    1.0225027344e+05
    2.8021300212e-02    1.0224396875e+05
    2.8040368110e-02    1.0224228125e+05
    2.8059426695e-02    1.0224083594e+05
    2.8078475967e-02    1.0223484375e+05
    2.8097519651e-02    1.0223283594e+05
    2.8116554022e-02    1.0222368750e+05
    2.8135580942e-02    1.0221891406e+05
    2.8154598549e-02    1.0222083594e+05
    2.8173606843e-02    1.0221821875e+05
    2.8192607686e-02    1.0221613281e+05
    2.8211599216e-02    1.0221406250e+05
    2.8230583295e-02    1.0221427344e+05
    2.8249559924e-02    1.0221050781e+05
    2.8268527240e-02    1.0221346094e+05
    2.8287487105e-02    1.0221208594e+05
    2.8306435794e-02    1.0220161719e+05
    2.8325378895e-02    1.0220933594e+05
    2.8344312683e-02    1.0220832031e+05
    2.8363237157e-02    1.0220706250e+05
    2.8382156044e-02    1.0220589844e+05
    2.8401065618e-02    1.0220502344e+05
    2.8419965878e-02    1.0220487500e+05
    2.8438858688e-02    1.0221164844e+05
    2.8457742184e-02    1.0221503906e+05
    2.8476616368e-02    1.0221627344e+05
    2.8495483100e-02    1.0221774219e+05
    2.8514338657e-02    1.0221977344e+05
    2.8533160686e-02    1.0222171094e+05
    2.8551930562e-02    1.0222353906e+05
    2.8570635244e-02    1.0223143750e+05
    2.8589271009e-02    1.0223953906e+05
    2.8607837856e-02    1.0224852344e+05
    2.8626350686e-02    1.0225312500e+05
    2.8644818813e-02    1.0226357031e+05
    2.8663259000e-02    1.0226875000e+05
    2.8681686148e-02    1.0227452344e+05
    2.8700113297e-02    1.0227933594e+05
    2.8718546033e-02    1.0228168750e+05
    2.8736986220e-02    1.0228647656e+05
    2.8755431995e-02    1.0229361719e+05
    2.8773877770e-02    1.0229921094e+05
    2.8792314231e-02    1.0230766406e+05
    2.8810730204e-02    1.0232096094e+05
    2.8829116374e-02    1.0232752344e+05
    2.8847465292e-02    1.0233310156e+05
    2.8865773231e-02    1.0233672656e+05
    2.8884036466e-02    1.0233702344e+05
    2.8902258724e-02    1.0233964844e+05
    2.8920443729e-02    1.0234416406e+05
    2.8938598931e-02    1.0234839844e+05
    2.8956729919e-02    1.0235196094e+05
    2.8974846005e-02    1.0235485156e+05
    2.8992949054e-02    1.0235715625e+05
    2.9011042789e-02    1.0235434375e+05
    2.9029129073e-02    1.0235521094e+05
    2.9047204182e-02    1.0234607031e+05
    2.9065268114e-02    1.0234534375e+05
    2.9083315283e-02    1.0233696094e+05
    2.9101338238e-02    1.0233258594e+05
    2.9119335115e-02    1.0232958594e+05
    2.9137304053e-02    1.0232150781e+05
    2.9155241325e-02    1.0231278125e+05
    2.9173148796e-02    1.0230816406e+05
    2.9191024601e-02    1.0230322656e+05
    2.9208874330e-02    1.0229777344e+05
    2.9226697981e-02    1.0228242969e+05
    2.9244501144e-02    1.0227539844e+05
    2.9262285680e-02    1.0225889844e+05
    2.9280053452e-02    1.0225049219e+05
    2.9297806323e-02    1.0224178906e+05
    2.9315544292e-02    1.0222630469e+05
    2.9333265498e-02    1.0221975000e+05
    2.9350971803e-02    1.0221107031e+05
    2.9368655756e-02    1.0220288281e+05
    2.9386319220e-02    1.0219352344e+05
    2.9403960332e-02    1.0218441406e+05
    2.9421577230e-02    1.0217821094e+05
    2.9439168051e-02    1.0217719531e+05
    2.9456734657e-02    1.0217210156e+05
    2.9474277049e-02    1.0217364844e+05
    2.9491795227e-02    1.0217146875e+05
    2.9509292915e-02    1.0217727344e+05
    2.9526771978e-02    1.0217953906e+05
    2.9544232413e-02    1.0218006250e+05
    2.9561674222e-02    1.0219141406e+05
    2.9579099268e-02    1.0219417969e+05
    2.9596509412e-02    1.0220699219e+05
    2.9613900930e-02    1.0221115625e+05
    2.9631273821e-02    1.0222508594e+05
    2.9648626223e-02    1.0223053906e+05
    2.9665958136e-02    1.0223664844e+05
    2.9683271423e-02    1.0224737500e+05
    2.9700560495e-02    1.0225578125e+05
    2.9717829078e-02    1.0226437500e+05
    2.9735075310e-02    1.0227572656e+05
    2.9752301052e-02    1.0228189844e+05
    2.9769508168e-02    1.0228896875e+05
    2.9786696658e-02    1.0229482031e+05
    2.9803866521e-02    1.0230110156e+05
    2.9821017757e-02    1.0230643750e+05
    2.9838152230e-02    1.0231689844e+05
    2.9855269939e-02    1.0232265625e+05
    2.9872370884e-02    1.0232278906e+05
    2.9889453202e-02    1.0232712500e+05
    2.9906518757e-02    1.0232589844e+05
    2.9923565686e-02    1.0232642969e+05
    2.9940593988e-02    1.0232610156e+05
    2.9957601801e-02    1.0232286719e+05
    2.9974590987e-02    1.0231921094e+05
    2.9991561547e-02    1.0231510156e+05
    3.0008511618e-02    1.0231078906e+05
    3.0025444925e-02    1.0231106250e+05
    3.0042361468e-02    1.0230583594e+05
    3.0059259385e-02    1.0230577344e+05
    3.0076142401e-02    1.0230039844e+05
    3.0093006790e-02    1.0229883594e+05
    3.0109854415e-02    1.0228775000e+05
    3.0126683414e-02    1.0228541406e+05
    3.0143497512e-02    1.0227321875e+05
    3.0160292983e-02    1.0226528906e+05
    3.0177071691e-02    1.0225710156e+05
    3.0193833634e-02    1.0225296094e+05
    3.0210576952e-02    1.0224466406e+05
    3.0227303505e-02    1.0224322656e+05
    3.0244011432e-02    1.0224187500e+05
    3.0260702595e-02    1.0223821094e+05
    3.0277376994e-02    1.0222985156e+05
    3.0294034630e-02    1.0222391406e+05
    3.0310675502e-02    1.0222728906e+05
    3.0327299610e-02    1.0222435156e+05
    3.0343905091e-02    1.0222168750e+05
    3.0360495672e-02    1.0222883594e+05
    3.0377071351e-02    1.0223539844e+05
    3.0393628404e-02    1.0224186719e+05
    3.0410168692e-02    1.0224667969e+05
    3.0426690355e-02    1.0225184375e+05
    3.0443195254e-02    1.0225746094e+05
    3.0459685251e-02    1.0226100781e+05
    3.0476156622e-02    1.0226935156e+05
    3.0492611229e-02    1.0227628125e+05
    3.0509050936e-02    1.0228327344e+05
    3.0525473878e-02    1.0229114844e+05
    3.0541881919e-02    1.0229925781e+05
    3.0558273196e-02    1.0230303906e+05
    3.0574647710e-02    1.0231160156e+05
    3.0591005459e-02    1.0231525000e+05
    3.0607348308e-02    1.0231886719e+05
    3.0623674393e-02    1.0232235156e+05
    3.0639985576e-02    1.0232578906e+05
    3.0656279996e-02    1.0232907031e+05
    3.0672557652e-02    1.0232759375e+05
    3.0688818544e-02    1.0233085156e+05
    3.0705062672e-02    1.0233391406e+05
    3.0721291900e-02    1.0233689844e+05
    3.0737506226e-02    1.0233202344e+05
    3.0753703788e-02    1.0233189844e+05
    3.0769886449e-02    1.0233400781e+05
    3.0786054209e-02    1.0232622656e+05
    3.0802207068e-02    1.0232769531e+05
    3.0818343163e-02    1.0232643750e+05
    3.0834466219e-02    1.0232557031e+05
    3.0850572512e-02    1.0232199219e+05
    3.0866663903e-02    1.0232303125e+05
    3.0882738531e-02    1.0232434375e+05
    3.0898798257e-02    1.0232536719e+05
    3.0914843082e-02    1.0232658594e+05
    3.0930871144e-02    1.0232766406e+05
    3.0946886167e-02    1.0232418750e+05
    3.0962884426e-02    1.0232033594e+05
    3.0978867784e-02    1.0232037500e+05
    3.0994836241e-02    1.0232091406e+05
    3.1010789797e-02    1.0232171094e+05
    3.1026728451e-02    1.0232160156e+05
    3.1042650342e-02    1.0232166406e+05
    3.1058559194e-02    1.0231239844e+05
    3.1074455008e-02    1.0231214844e+05
    3.1090334058e-02    1.0231121094e+05
    3.1106200069e-02    1.0231077344e+05
    3.1122051179e-02    1.0231003906e+05
    3.1137887388e-02    1.0230914844e+05
    3.1153710559e-02    1.0230543750e+05
    3.1169516966e-02    1.0230183594e+05
    3.1185310334e-02    1.0229602344e+05
    3.1201090664e-02    1.0229449219e+05
    3.1216854230e-02    1.0229327344e+05
    3.1232602894e-02    1.0229184375e+05
    3.1248336658e-02    1.0229521094e+05
    3.1264055520e-02    1.0229402344e+05
    3.1279761344e-02    1.0229252344e+05
    3.1295452267e-02    1.0228655469e+05
    3.1311132014e-02    1.0228503906e+05
    3.1326796860e-02    1.0228313281e+05
    3.1342446804e-02    1.0228137500e+05
    3.1358085573e-02    1.0227935156e+05
    3.1373709440e-02    1.0227982031e+05
    3.1389318407e-02    1.0228021094e+05
    3.1404916197e-02    1.0228364844e+05
    3.1420499086e-02    1.0228288281e+05
    3.1436067075e-02    1.0228224219e+05
    3.1451620162e-02    1.0228441406e+05
    3.1467158347e-02    1.0228641406e+05
    3.1482685357e-02    1.0228616406e+05
    3.1498193741e-02    1.0228764844e+05
    3.1513694674e-02    1.0229010156e+05
    3.1529176980e-02    1.0228978906e+05
    3.1544648111e-02    1.0228994531e+05
    3.1560108066e-02    1.0229032031e+05
    3.1575553119e-02    1.0229593750e+05
    3.1590986997e-02    1.0230147656e+05
    3.1606405973e-02    1.0230297656e+05
    3.1621813774e-02    1.0230460156e+05
    3.1637206674e-02    1.0230622656e+05
    3.1652588397e-02    1.0230746094e+05
    3.1667951494e-02    1.0230364844e+05
    3.1683307141e-02    1.0229950000e+05
    3.1698647887e-02    1.0229978125e+05
    3.1713977456e-02    1.0230003125e+05
    3.1729292125e-02    1.0230078906e+05
    3.1744595617e-02    1.0230113281e+05
    3.1759884208e-02    1.0230167969e+05
    3.1775161624e-02    1.0230207031e+05
    3.1790427864e-02    1.0230177344e+05
    3.1805675477e-02    1.0229940625e+05
    3.1820915639e-02    1.0229959375e+05
    3.1836140901e-02    1.0229482031e+05
    3.1851354986e-02    1.0230205469e+05
    3.1866557896e-02    1.0230218750e+05
    3.1881745905e-02    1.0230241406e+05
    3.1896922737e-02    1.0230239844e+05
    3.1912088394e-02    1.0230308594e+05
    3.1927239150e-02    1.0230342969e+05
    3.1942378730e-02    1.0230866406e+05
    3.1957507133e-02    1.0230968750e+05
    3.1972620636e-02    1.0231069531e+05
    3.1987726688e-02    1.0230964844e+05
    3.2002814114e-02    1.0230828906e+05
    3.2017890364e-02    1.0230881250e+05
    3.2032959163e-02    1.0230950000e+05
    3.2048013061e-02    1.0230972656e+05
    3.2063052058e-02    1.0231013281e+05
    3.2078083605e-02    1.0230577344e+05
    3.2093103975e-02    1.0230582031e+05
    3.2108109444e-02    1.0230611719e+05
    3.2123107463e-02    1.0231047656e+05
    3.2138090581e-02    1.0231030469e+05
    3.2153062522e-02    1.0231016406e+05
    3.2168023288e-02    1.0231011719e+05
    3.2182972878e-02    1.0231021094e+05
    3.2197911292e-02    1.0231083594e+05
    3.2212834805e-02    1.0231656250e+05
    3.2227750868e-02    1.0231783594e+05
    3.2242652029e-02    1.0232409375e+05
    3.2257542014e-02    1.0232556250e+05
    3.2272424549e-02    1.0232696875e+05
    3.2287292182e-02    1.0232396094e+05
    3.2302148640e-02    1.0232027344e+05
    3.2316997647e-02    1.0232113281e+05
    3.2331831753e-02    1.0232241406e+05
    3.2346658409e-02    1.0233225781e+05
    3.2361470163e-02    1.0233302344e+05
    3.2376270741e-02    1.0233377344e+05
    3.2391063869e-02    1.0233500781e+05
    3.2405842096e-02    1.0233159375e+05
    3.2420612872e-02    1.0233283594e+05
    3.2435368747e-02    1.0233146875e+05
    3.2450113446e-02    1.0233228906e+05
    3.2464850694e-02    1.0233375000e+05
    3.2479573041e-02    1.0233731250e+05
    3.2494287938e-02    1.0233385156e+05
    3.2508991659e-02    1.0233956250e+05
    3.2523684204e-02    1.0234100000e+05
    3.2538365573e-02    1.0234255469e+05
    3.2553035766e-02    1.0234380469e+05
    3.2567698509e-02    1.0234497656e+05
    3.2582346350e-02    1.0234114844e+05
    3.2596986741e-02    1.0234214844e+05
    3.2611619681e-02    1.0234278906e+05
    3.2626237720e-02    1.0234364844e+05
    3.2640848309e-02    1.0234466406e+05
    3.2655447721e-02    1.0234533594e+05
    3.2670035958e-02    1.0234628125e+05
    3.2684613019e-02    1.0234652344e+05
    3.2699178904e-02    1.0234758594e+05
    3.2713737339e-02    1.0234744531e+05
    3.2728284597e-02    1.0234553906e+05
    3.2742820680e-02    1.0234359375e+05
    3.2757349312e-02    1.0234389844e+05
    3.2771866769e-02    1.0234618750e+05
    3.2786373049e-02    1.0234641406e+05
    3.2800871879e-02    1.0234436719e+05
    3.2815355808e-02    1.0234447656e+05
    3.2829832286e-02    1.0234228125e+05
    3.2844301313e-02    1.0234302344e+05
    3.2858755440e-02    1.0234575000e+05
    3.2873202115e-02    1.0235092969e+05
    3.2887637615e-02    1.0234462500e+05
    3.2902065665e-02    1.0234289844e+05
    3.2916482538e-02    1.0234821094e+05
    3.2930891961e-02    1.0234921875e+05
    3.2945290208e-02    1.0235453125e+05
    3.2959677279e-02    1.0234784375e+05
    3.2974056900e-02    1.0235058594e+05
    3.2988425344e-02    1.0235127344e+05
    3.3002786338e-02    1.0235192969e+05
    3.3017136157e-02    1.0234697656e+05
    3.3031478524e-02    1.0234660156e+05
    3.3045809716e-02    1.0234633594e+05
    3.3060129732e-02    1.0234622656e+05
    3.3074442297e-02    1.0234593750e+05
    3.3088747412e-02    1.0234552344e+05
    3.3103041351e-02    1.0234052344e+05
    3.3117324114e-02    1.0234025000e+05
    3.3131599426e-02    1.0233964844e+05
    3.3145863563e-02    1.0233906250e+05
    3.3160120249e-02    1.0234011719e+05
    3.3174365759e-02    1.0233591406e+05
    3.3188603818e-02    1.0233477344e+05
    3.3202830702e-02    1.0232853906e+05
    3.3217050135e-02    1.0232778906e+05
    3.3231258392e-02    1.0232656250e+05
    3.3245459199e-02    1.0232649219e+05
    3.3259648830e-02    1.0232837500e+05
    3.3273831010e-02    1.0233096094e+05
    3.3288005739e-02    1.0233130469e+05
    3.3302169293e-02    1.0233108594e+05
    3.3316325396e-02    1.0232587500e+05
    3.3330474049e-02    1.0232589844e+05
    3.3344611526e-02    1.0232477344e+05
    3.3358741552e-02    1.0232591406e+05
    3.3372864127e-02    1.0232499219e+05
    3.3386975527e-02    1.0232424219e+05
    3.3401079476e-02    1.0232077344e+05
    3.3415172249e-02    1.0231985156e+05
    3.3429257572e-02    1.0232325000e+05
    3.3443335444e-02    1.0231788281e+05
    3.3457405865e-02    1.0231688281e+05
    3.3471468836e-02    1.0231589844e+05
    3.3485524356e-02    1.0231497656e+05
    3.3499568701e-02    1.0231433594e+05
    3.3513605595e-02    1.0231346094e+05
    3.3527631313e-02    1.0231321875e+05
    3.3541653305e-02    1.0231480469e+05
    3.3555664122e-02    1.0231207031e+05
    3.3569667488e-02    1.0231141406e+05
    3.3583663404e-02    1.0231085156e+05
    3.3597648144e-02    1.0231538281e+05
    3.3611625433e-02    1.0231697656e+05
    3.3625595272e-02    1.0230963281e+05
    3.3639557660e-02    1.0230916406e+05
    3.3653512597e-02    1.0230813281e+05
    3.3667460084e-02    1.0230996875e+05
    3.3681396395e-02    1.0230713281e+05
    3.3695328981e-02    1.0230655469e+05
    3.3709254116e-02    1.0230597656e+05
    3.3723168075e-02    1.0230508594e+05
    3.3737078309e-02    1.0230475000e+05
    3.3750977367e-02    1.0230408594e+05
    3.3764872700e-02    1.0230334375e+05
    3.3778760582e-02    1.0230256250e+05
    3.3792637289e-02    1.0230208594e+05
    3.3806510270e-02    1.0230122656e+05
    3.3820372075e-02    1.0230036719e+05
    3.3834230155e-02    1.0229983594e+05
    3.3848077059e-02    1.0229969531e+05
    3.3861916512e-02    1.0229905469e+05
    3.3875752240e-02    1.0229853125e+05
    3.3889576793e-02    1.0230333594e+05
    3.3903393894e-02    1.0230035156e+05
    3.3917203546e-02    1.0230033594e+05
    3.3931009471e-02    1.0229971875e+05
    3.3944804221e-02    1.0230227344e+05
    3.3958595246e-02    1.0229939844e+05
    3.3972378820e-02    1.0229641406e+05
    3.3986151218e-02    1.0229565625e+05
    3.3999919891e-02    1.0229508594e+05
    3.4013681114e-02    1.0229397656e+05
    3.4027434886e-02    1.0229341406e+05
    3.4041177481e-02    1.0229281250e+05
    3.4054916352e-02    1.0229191406e+05
    3.4068647772e-02    1.0229094531e+05
    3.4082375467e-02    1.0229016406e+05
    3.4096091986e-02    1.0228935156e+05
    3.4109804779e-02    1.0228839844e+05
    3.4123510122e-02    1.0228736719e+05
    3.4137208015e-02    1.0228346875e+05
    3.4150898457e-02    1.0228521094e+05
    3.4164581448e-02    1.0228383594e+05
    3.4178260714e-02    1.0228250000e+05
    3.4191932529e-02    1.0228137500e+05
    3.4205596894e-02    1.0228050781e+05
    3.4219253808e-02    1.0227899219e+05
    3.4232903272e-02    1.0227771094e+05
    3.4246545285e-02    1.0227580469e+05
    3.4260183573e-02    1.0227446094e+05
    3.4273810685e-02    1.0227277344e+05
    3.4287434071e-02    1.0226939844e+05
    3.4301050007e-02    1.0226739844e+05
    3.4314658493e-02    1.0226883594e+05
    3.4328263253e-02    1.0226750781e+05
    3.4341860563e-02    1.0226619531e+05
    3.4355450422e-02    1.0226516406e+05
    3.4369036555e-02    1.0226327344e+05
    3.4382611513e-02    1.0226167969e+05
    3.4396182746e-02    1.0226032031e+05
    3.4409742802e-02    1.0225862500e+05
    3.4423299134e-02    1.0225740625e+05
    3.4436848015e-02    1.0225530469e+05
    3.4450393170e-02    1.0224863281e+05
    3.4463927150e-02    1.0224921094e+05
    3.4477461129e-02    1.0224725000e+05
    3.4490987659e-02    1.0224585156e+05
    3.4504506737e-02    1.0224192969e+05
    3.4518022090e-02    1.0223821094e+05
    3.4531529993e-02    1.0224149219e+05
    3.4545030445e-02    1.0224221094e+05
    3.4558523446e-02    1.0224102344e+05
    3.4572008997e-02    1.0223982031e+05
    3.4585487098e-02    1.0223413281e+05
    3.4598957747e-02    1.0223757031e+05
    3.4612424672e-02    1.0223393750e+05
    3.4625884145e-02    1.0223560156e+05
    3.4639336169e-02    1.0223503906e+05
    3.4652780741e-02    1.0223392969e+05
    3.4666225314e-02    1.0223085156e+05
    3.4679658711e-02    1.0223233594e+05
    3.4693088382e-02    1.0223132031e+05
    3.4706510603e-02    1.0223067969e+05
    3.4719929099e-02    1.0223006250e+05
    3.4733340144e-02    1.0222950000e+05
    3.4746743739e-02    1.0222902344e+05
    3.4760143608e-02    1.0222836719e+05
    3.4773536026e-02    1.0222809375e+05
    3.4786924720e-02    1.0222792969e+05
    3.4800305963e-02    1.0222753906e+05
    3.4813679755e-02    1.0222746094e+05
    3.4827046096e-02    1.0222737500e+05
    3.4840408713e-02    1.0222669531e+05
    3.4853763878e-02    1.0222621094e+05
    3.4867111593e-02    1.0222596094e+05
    3.4880455583e-02    1.0222502344e+05
    3.4893795848e-02    1.0222453906e+05
    3.4907124937e-02    1.0222205469e+05
    3.4920454025e-02    1.0221830469e+05
    3.4933775663e-02    1.0221731250e+05
    3.4947093576e-02    1.0221921875e+05
    3.4960404038e-02    1.0221537500e+05
    3.4973710775e-02    1.0221443750e+05
    3.4987010062e-02    1.0221124219e+05
endcurve
