Curveplot
LS-DYNA keyword deck by LS-PrePost                          
Time
Pressure
Defined Connection
Pressure @ 55 #pts=1745
* Minval=     9.9490687500e+04 at time=         0.0136133926
* Maxval=     1.6925332812e+05 at time=         0.0067489855
    0.0000000000e+00    9.9996789062e+04
    3.3812357287e-05    9.9996789062e+04
    6.1326652940e-05    9.9999335938e+04
    8.9102875791e-05    9.9998343750e+04
    1.1682785407e-04    9.9997320312e+04
    1.4461828687e-04    9.9997601562e+04
    1.7236733402e-04    1.0000052344e+05
    2.0016246708e-04    1.0001044531e+05
    2.2795486439e-04    9.9999664062e+04
    2.5574557367e-04    9.9999656250e+04
    2.8353667585e-04    9.9999429688e+04
    3.1133697485e-04    9.9996914062e+04
    3.3912662184e-04    1.0000139844e+05
    3.6691734567e-04    9.9999039062e+04
    3.9470891352e-04    9.9999054688e+04
    4.2249175021e-04    9.9999148438e+04
    4.5027161832e-04    9.9998906250e+04
    4.7804549104e-04    1.0000096094e+05
    5.0581363030e-04    1.0000246094e+05
    5.3357944125e-04    1.0000271094e+05
    5.6134146871e-04    1.0000275000e+05
    5.8909942163e-04    1.0000100000e+05
    6.1685312539e-04    1.0000075781e+05
    6.4460188150e-04    9.9999914062e+04
    6.7234638846e-04    9.9995117188e+04
    7.0008635521e-04    9.9991773438e+04
    7.2782178177e-04    1.0000044531e+05
    7.5555208605e-04    1.0000197656e+05
    7.8327720985e-04    1.0000910156e+05
    8.1099680392e-04    1.0001011719e+05
    8.3871174138e-04    1.0000275000e+05
    8.6642213864e-04    9.9990968750e+04
    8.9412782108e-04    9.9990000000e+04
    9.2182843946e-04    9.9998882812e+04
    9.4952445943e-04    1.0000083594e+05
    9.7721535712e-04    1.0000842969e+05
    1.0049008997e-03    1.0000242969e+05
    1.0325826006e-03    1.0000025781e+05
    1.0602590628e-03    9.9999945312e+04
    1.0879321489e-03    1.0000100781e+05
    1.1155996472e-03    9.9999789062e+04
    1.1432634201e-03    9.9991554688e+04
    1.1709230021e-03    9.9991007812e+04
    1.1985785095e-03    1.0000003906e+05
    1.2262313394e-03    1.0000915625e+05
    1.2538790470e-03    1.0000956250e+05
    1.2815232622e-03    1.0000250000e+05
    1.3091630535e-03    9.9993062500e+04
    1.3368004002e-03    9.9997023438e+04
    1.3644339051e-03    1.0001091406e+05
    1.3920635683e-03    1.0003302344e+05
    1.4196902048e-03    1.0006249219e+05
    1.4473132323e-03    1.0010371875e+05
    1.4749332331e-03    1.0018464844e+05
    1.5025498578e-03    1.0031541406e+05
    1.5301633393e-03    1.0051535156e+05
    1.5577742597e-03    1.0078171094e+05
    1.5853822697e-03    1.0110084375e+05
    1.6129877185e-03    1.0146809375e+05
    1.6405890929e-03    1.0186622656e+05
    1.6681876732e-03    1.0225041406e+05
    1.6957829939e-03    1.0260096094e+05
    1.7233766848e-03    1.0287169531e+05
    1.7509678146e-03    1.0305112500e+05
    1.7785291420e-03    1.0313740625e+05
    1.8060547300e-03    1.0313053906e+05
    1.8335470231e-03    1.0305277344e+05
    1.8610082334e-03    1.0291903906e+05
    1.8884401070e-03    1.0274866406e+05
    1.9158447394e-03    1.0257877344e+05
    1.9432241097e-03    1.0241807031e+05
    1.9705800805e-03    1.0229738281e+05
    1.9979148638e-03    1.0222364844e+05
    2.0252298564e-03    1.0219408594e+05
    2.0525271539e-03    1.0221214844e+05
    2.0798076876e-03    1.0227055469e+05
    2.1070730872e-03    1.0234028125e+05
    2.1343247499e-03    1.0241958594e+05
    2.1615643054e-03    1.0248130469e+05
    2.1887931507e-03    1.0252671094e+05
    2.2160108201e-03    1.0254309375e+05
    2.2432196420e-03    1.0254322656e+05
    2.2704207804e-03    1.0251621094e+05
    2.2976147011e-03    1.0248515625e+05
    2.3248014040e-03    1.0244557031e+05
    2.3519827519e-03    1.0241025781e+05
    2.3791582789e-03    1.0239212500e+05
    2.4063293822e-03    1.0238317969e+05
    2.4334960617e-03    1.0238616406e+05
    2.4606597144e-03    1.0240341406e+05
    2.4878205732e-03    1.0241250781e+05
    2.5149781723e-03    1.0242047656e+05
    2.5421329774e-03    1.0243153906e+05
    2.5692859199e-03    1.0244653906e+05
    2.5964374654e-03    1.0245042969e+05
    2.6235871483e-03    1.0245194531e+05
    2.6507352013e-03    1.0243649219e+05
    2.6778825559e-03    1.0242468750e+05
    2.7050296776e-03    1.0242096875e+05
    2.7321761008e-03    1.0241582031e+05
    2.7593218256e-03    1.0241987500e+05
    2.7864677832e-03    1.0242160156e+05
    2.8136142064e-03    1.0242258594e+05
    2.8407603968e-03    1.0242839844e+05
    2.8679079842e-03    1.0244800781e+05
    2.8950548731e-03    1.0246166406e+05
    2.9222022276e-03    1.0248618750e+05
    2.9493502807e-03    1.0252308594e+05
    2.9764990322e-03    1.0257121094e+05
    3.0036487151e-03    1.0263646875e+05
    3.0307997949e-03    1.0272500781e+05
    3.0579508748e-03    1.0281115625e+05
    3.0851035845e-03    1.0291464844e+05
    3.1122572254e-03    1.0302589844e+05
    3.1394117977e-03    1.0312352344e+05
    3.1665677670e-03    1.0320347656e+05
    3.1937246677e-03    1.0326853906e+05
    3.2208829653e-03    1.0329791406e+05
    3.2480424270e-03    1.0330293750e+05
    3.2752046827e-03    1.0328907031e+05
    3.2952371985e-03    1.0325916406e+05
    3.3145032357e-03    1.0322692969e+05
    3.3336398192e-03    1.0319160156e+05
    3.3528339118e-03    1.0314933594e+05
    3.3720366191e-03    1.0310086719e+05
    3.3912549261e-03    1.0305616406e+05
    3.4104890656e-03    1.0301477344e+05
    3.4297339153e-03    1.0297011719e+05
    3.4486323129e-03    1.0293066406e+05
    3.4671388566e-03    1.0288049219e+05
    3.4854323603e-03    1.0283241406e+05
    3.5036695190e-03    1.0277225781e+05
    3.5219141282e-03    1.0270810156e+05
    3.5401545465e-03    1.0263908594e+05
    3.5583588760e-03    1.0256589844e+05
    3.5765271168e-03    1.0249256250e+05
    3.5946895368e-03    1.0242528906e+05
    3.6139658187e-03    1.0236874219e+05
    3.6330535077e-03    1.0231700781e+05
    3.6521453876e-03    1.0228034375e+05
    3.6699753255e-03    1.0225317969e+05
    3.6875614896e-03    1.0223228906e+05
    3.7050142419e-03    1.0221575000e+05
    3.7224807311e-03    1.0219691406e+05
    3.7400643341e-03    1.0217934375e+05
    3.7577797193e-03    1.0216346094e+05
    3.7755726371e-03    1.0215000000e+05
    3.7933769636e-03    1.0214427344e+05
    3.8111612666e-03    1.0213928906e+05
    3.8289318327e-03    1.0213633594e+05
    3.8467168342e-03    1.0213050000e+05
    3.8645383902e-03    1.0212483594e+05
    3.8824023213e-03    1.0211664844e+05
    3.9002960548e-03    1.0210078906e+05
    3.9182156324e-03    1.0208375781e+05
    3.9361710660e-03    1.0206594531e+05
    3.9541716687e-03    1.0204846875e+05
    3.9733103476e-03    1.0203158594e+05
    3.9924201556e-03    1.0202122656e+05
    4.0104058571e-03    1.0200681250e+05
    4.0284004062e-03    1.0199084375e+05
    4.0464363992e-03    1.0198483594e+05
    4.0656095371e-03    1.0197496875e+05
    4.0847789496e-03    1.0196503125e+05
    4.1039343923e-03    1.0195578906e+05
    4.1219722480e-03    1.0194778906e+05
    4.1400394402e-03    1.0194522656e+05
    4.1591953486e-03    1.0194457031e+05
    4.1784178466e-03    1.0193408594e+05
    4.1976389475e-03    1.0193271094e+05
    4.2168586515e-03    1.0192227344e+05
    4.2360713705e-03    1.0190687500e+05
    4.2552771047e-03    1.0189683594e+05
    4.2744791135e-03    1.0188321875e+05
    4.2936825193e-03    1.0187683594e+05
    4.3128933758e-03    1.0186652344e+05
    4.3321144767e-03    1.0185192969e+05
    4.3513495475e-03    1.0183714844e+05
    4.3705995195e-03    1.0182133594e+05
    4.3898657896e-03    1.0180121094e+05
    4.4091497548e-03    1.0178027344e+05
    4.4284537435e-03    1.0175027344e+05
    4.4477786869e-03    1.0171787500e+05
    4.4671236537e-03    1.0167706250e+05
    4.4864914380e-03    1.0162472656e+05
    4.5058806427e-03    1.0156561719e+05
    4.5252908021e-03    1.0149238281e+05
    4.5447219163e-03    1.0140556250e+05
    4.5641721226e-03    1.0130978906e+05
    4.5836409554e-03    1.0120878906e+05
    4.6031279489e-03    1.0110196094e+05
    4.6226321720e-03    1.0098583594e+05
    4.6421540901e-03    1.0086518750e+05
    4.6616927721e-03    1.0073735156e+05
    4.6812482178e-03    1.0061932031e+05
    4.7008208930e-03    1.0050438281e+05
    4.7204112634e-03    1.0040122656e+05
    4.7400193289e-03    1.0030957031e+05
    4.7596455552e-03    1.0023605469e+05
    4.7792894766e-03    1.0018146875e+05
    4.7989510931e-03    1.0014764844e+05
    4.8186304048e-03    1.0013710156e+05
    4.8383255489e-03    1.0015321094e+05
    4.8580355942e-03    1.0018253125e+05
    4.8777610064e-03    1.0023222656e+05
    4.8975008540e-03    1.0029017969e+05
    4.9172551371e-03    1.0035347656e+05
    4.9370229244e-03    1.0041572656e+05
    4.9568060786e-03    1.0047160156e+05
    4.9766036682e-03    1.0052660156e+05
    4.9964170903e-03    1.0057263281e+05
    5.0162458792e-03    1.0061282031e+05
    5.0360900350e-03    1.0063936719e+05
    5.0559476949e-03    1.0066410156e+05
    5.0758207217e-03    1.0067775781e+05
    5.0957072526e-03    1.0068453906e+05
    5.1156077534e-03    1.0067678125e+05
    5.1355226897e-03    1.0066978906e+05
    5.1554525271e-03    1.0065512500e+05
    5.1753963344e-03    1.0063162500e+05
    5.1953555085e-03    1.0061508594e+05
    5.2153295837e-03    1.0059746094e+05
    5.2353194915e-03    1.0058080469e+05
    5.2553247660e-03    1.0057560156e+05
    5.2753463387e-03    1.0057319531e+05
    5.2953832783e-03    1.0057130469e+05
    5.3154369816e-03    1.0057130469e+05
    5.3355065174e-03    1.0057789844e+05
    5.3555918857e-03    1.0059228906e+05
    5.3756926209e-03    1.0060713281e+05
    5.3958082572e-03    1.0061862500e+05
    5.4159392603e-03    1.0063056250e+05
    5.4360851645e-03    1.0063764844e+05
    5.4562464356e-03    1.0064867969e+05
    5.4764230736e-03    1.0065910156e+05
    5.4966160096e-03    1.0066417969e+05
    5.5168238468e-03    1.0066712500e+05
    5.5370470509e-03    1.0067018750e+05
    5.5572865531e-03    1.0066466406e+05
    5.5775423534e-03    1.0066659375e+05
    5.5978130549e-03    1.0067747656e+05
    5.6181000546e-03    1.0067596875e+05
    5.6384028867e-03    1.0067108594e+05
    5.6587206200e-03    1.0067446875e+05
    5.6790532544e-03    1.0067696875e+05
    5.6994007900e-03    1.0067955469e+05
    5.7197632268e-03    1.0068337500e+05
    5.7401410304e-03    1.0068503125e+05
    5.7605337352e-03    1.0068806250e+05
    5.7809422724e-03    1.0069059375e+05
    5.8013652451e-03    1.0069339844e+05
    5.8218040504e-03    1.0069674219e+05
    5.8422577567e-03    1.0070046094e+05
    5.8627268299e-03    1.0071360156e+05
    5.8832112700e-03    1.0071991406e+05
    5.9037101455e-03    1.0072400781e+05
    5.9242248535e-03    1.0072849219e+05
    5.9447535314e-03    1.0073184375e+05
    5.9641525149e-03    1.0073625000e+05
    5.9830932878e-03    1.0074160156e+05
    6.0020405799e-03    1.0074522656e+05
    6.0210367665e-03    1.0074903906e+05
    6.0400799848e-03    1.0075810156e+05
    6.0591096990e-03    1.0076847656e+05
    6.0781282373e-03    1.0077386719e+05
    6.0972142965e-03    1.0077700781e+05
    6.1162756756e-03    1.0078205469e+05
    6.1353649944e-03    1.0078782031e+05
    6.1544459313e-03    1.0080237500e+05
    6.1734300107e-03    1.0080757031e+05
    6.1924448237e-03    1.0081453906e+05
    6.2115197070e-03    1.0082046094e+05
    6.2306127511e-03    1.0083460156e+05
    6.2497169711e-03    1.0084113281e+05
    6.2688281760e-03    1.0085713281e+05
    6.2879407778e-03    1.0086550000e+05
    6.3070552424e-03    1.0088235156e+05
    6.3261794858e-03    1.0088960156e+05
    6.3453060575e-03    1.0090908594e+05
    6.3644465990e-03    1.0092771875e+05
    6.3835908659e-03    1.0094842969e+05
    6.4027444459e-03    1.0096974219e+05
    6.4219115302e-03    1.0099702344e+05
    6.4410855994e-03    1.0103088281e+05
    6.4602680504e-03    1.0108314844e+05
    6.4794607460e-03    1.0117439844e+05
    6.4986641519e-03    1.0135814844e+05
    6.5178787336e-03    1.0171453125e+05
    6.5371058881e-03    1.0244297656e+05
    6.5563363023e-03    1.0388050781e+05
    6.5755699761e-03    1.0655783594e+05
    6.5948092379e-03    1.1112472656e+05
    6.6140629351e-03    1.1811371875e+05
    6.6333152354e-03    1.2755972656e+05
    6.6525745206e-03    1.3862431250e+05
    6.6718445159e-03    1.4972070312e+05
    6.6911154427e-03    1.5903512500e+05
    6.7104012705e-03    1.6539487500e+05
    6.7296870984e-03    1.6860476562e+05
    6.7489854991e-03    1.6925332812e+05
    6.7682852969e-03    1.6830681250e+05
    6.7875892855e-03    1.6663865625e+05
    6.8069072440e-03    1.6494710938e+05
    6.8262196146e-03    1.6350671875e+05
    6.8455408327e-03    1.6228895312e+05
    6.8648783490e-03    1.6115842188e+05
    6.8842126057e-03    1.5991910938e+05
    6.9035501219e-03    1.5848260938e+05
    6.9228983484e-03    1.5682804688e+05
    6.9422605447e-03    1.5502226562e+05
    6.9616222754e-03    1.5313998438e+05
    6.9809844717e-03    1.5129221875e+05
    7.0003494620e-03    1.4953617188e+05
    7.0197195746e-03    1.4787871875e+05
    7.0390999317e-03    1.4633075000e+05
    7.0584909990e-03    1.4485692188e+05
    7.0778946392e-03    1.4342943750e+05
    7.0973108523e-03    1.4203593750e+05
    7.1167377755e-03    1.4065253125e+05
    7.1361698210e-03    1.3930793750e+05
    7.1556069888e-03    1.3801592188e+05
    7.1750483476e-03    1.3678309375e+05
    7.1944966912e-03    1.3563787500e+05
    7.2139529511e-03    1.3456079688e+05
    7.2334166616e-03    1.3355514062e+05
    7.2528840974e-03    1.3261734375e+05
    7.2723543271e-03    1.3173660938e+05
    7.2918278165e-03    1.3091031250e+05
    7.3113050312e-03    1.3011943750e+05
    7.3307845742e-03    1.2937466406e+05
    7.3502692394e-03    1.2866424219e+05
    7.3697618209e-03    1.2799037500e+05
    7.3892641813e-03    1.2734933594e+05
    7.4087800458e-03    1.2674510156e+05
    7.4282912537e-03    1.2616158594e+05
    7.4477996677e-03    1.2560887500e+05
    7.4673094787e-03    1.2508446094e+05
    7.4868267402e-03    1.2457303906e+05
    7.5063589029e-03    1.2408318750e+05
    7.5258887373e-03    1.2360440625e+05
    7.5454111211e-03    1.2314477344e+05
    7.5649353676e-03    1.2270719531e+05
    7.5844703242e-03    1.2229769531e+05
    7.6040057465e-03    1.2192110156e+05
    7.6235276647e-03    1.2157965625e+05
    7.6430505142e-03    1.2126992969e+05
    7.6625877991e-03    1.2098403906e+05
    7.6821087860e-03    1.2071917969e+05
    7.7016241848e-03    1.2047294531e+05
    7.7211544849e-03    1.2023800781e+05
    7.7406810597e-03    1.2001359375e+05
    7.7602043748e-03    1.1979919531e+05
    7.7797495760e-03    1.1958538281e+05
    7.7992938459e-03    1.1938978125e+05
    7.8188432381e-03    1.1918533594e+05
    7.8384252265e-03    1.1898464844e+05
    7.8580006957e-03    1.1878253906e+05
    7.8775910661e-03    1.1857530469e+05
    7.8972103074e-03    1.1835953906e+05
    7.9168286175e-03    1.1814458594e+05
    7.9364804551e-03    1.1793043750e+05
    7.9561360180e-03    1.1771542969e+05
    7.9758102074e-03    1.1750108594e+05
    7.9955114052e-03    1.1729235156e+05
    8.0152126029e-03    1.1708300781e+05
    8.0349491909e-03    1.1687442969e+05
    8.0546662211e-03    1.1667187500e+05
    8.0743944272e-03    1.1647417969e+05
    8.0941170454e-03    1.1628421094e+05
    8.1138620153e-03    1.1609896875e+05
    8.1336386502e-03    1.1592431250e+05
    8.1534720957e-03    1.1575425781e+05
    8.1733558327e-03    1.1558513281e+05
    8.1932730973e-03    1.1543491406e+05
    8.2132071257e-03    1.1529033594e+05
    8.2330890000e-03    1.1515785156e+05
    8.2529615611e-03    1.1503381250e+05
    8.2727763802e-03    1.1491910156e+05
    8.2926023751e-03    1.1480942969e+05
    8.3124246448e-03    1.1470902344e+05
    8.3322748542e-03    1.1461285156e+05
    8.3521194756e-03    1.1452421094e+05
    8.3719678223e-03    1.1443616406e+05
    8.3917891607e-03    1.1435121875e+05
    8.4116021171e-03    1.1425978906e+05
    8.4314141423e-03    1.1416393750e+05
    8.4512168542e-03    1.1406299219e+05
    8.4710381925e-03    1.1394422656e+05
    8.4908353165e-03    1.1382788281e+05
    8.5106678307e-03    1.1369933594e+05
    8.5304882377e-03    1.1356739844e+05
    8.5503393784e-03    1.1342639844e+05
    8.5699046031e-03    1.1328332031e+05
    8.5892248899e-03    1.1313663281e+05
    8.6083402857e-03    1.1300075000e+05
    8.6272666231e-03    1.1287209375e+05
    8.6460309103e-03    1.1274903906e+05
    8.6646731943e-03    1.1264175000e+05
    8.6832325906e-03    1.1254869531e+05
    8.7017398328e-03    1.1247009375e+05
    8.7202098221e-03    1.1240156250e+05
    8.7386453524e-03    1.1233717969e+05
    8.7570473552e-03    1.1227906250e+05
    8.7753897533e-03    1.1222683594e+05
    8.7936492637e-03    1.1218531250e+05
    8.8118780404e-03    1.1214081250e+05
    8.8300397620e-03    1.1210388281e+05
    8.8481390849e-03    1.1205622656e+05
    8.8662039489e-03    1.1201290625e+05
    8.8842641562e-03    1.1196222656e+05
    8.9023411274e-03    1.1190372656e+05
    8.9204348624e-03    1.1183921094e+05
    8.9385388419e-03    1.1177249219e+05
    8.9566456154e-03    1.1169315625e+05
    8.9747514576e-03    1.1161814844e+05
    8.9928600937e-03    1.1154584375e+05
    9.0109808370e-03    1.1146530469e+05
    9.0291155502e-03    1.1139500000e+05
    9.0472688898e-03    1.1132797656e+05
    9.0654399246e-03    1.1126172656e+05
    9.0836230665e-03    1.1119833594e+05
    9.1018192470e-03    1.1113450781e+05
    9.1200266033e-03    1.1107731250e+05
    9.1382460669e-03    1.1101550781e+05
    9.1564757749e-03    1.1096225781e+05
    9.1747231781e-03    1.1090628906e+05
    9.1929892078e-03    1.1085897656e+05
    9.2112747952e-03    1.1080135156e+05
    9.2295790091e-03    1.1074355469e+05
    9.2479009181e-03    1.1067927344e+05
    9.2662386596e-03    1.1061419531e+05
    9.2845931649e-03    1.1054334375e+05
    9.3029672280e-03    1.1047317969e+05
    9.3213599175e-03    1.1039671875e+05
    9.3397712335e-03    1.1031490625e+05
    9.3582011759e-03    1.1023433594e+05
    9.3766497448e-03    1.1015621094e+05
    9.3951150775e-03    1.1007963281e+05
    9.4135999680e-03    1.1000260156e+05
    9.4321016222e-03    1.0992717969e+05
    9.4506228343e-03    1.0986365625e+05
    9.4691645354e-03    1.0980658594e+05
    9.4877239317e-03    1.0975319531e+05
    9.5063010231e-03    1.0970709375e+05
    9.5248948783e-03    1.0967178906e+05
    9.5435054973e-03    1.0963690625e+05
    9.5621328801e-03    1.0961502344e+05
    9.5807760954e-03    1.0959060156e+05
    9.5994332805e-03    1.0957708594e+05
    9.6181081608e-03    1.0955624219e+05
    9.6367979422e-03    1.0953889844e+05
    9.6555035561e-03    1.0952083594e+05
    9.6742231399e-03    1.0949800781e+05
    9.6929576248e-03    1.0947555469e+05
    9.7117051482e-03    1.0944771094e+05
    9.7304685041e-03    1.0941957031e+05
    9.7492448986e-03    1.0939128125e+05
    9.7680361941e-03    1.0935983594e+05
    9.7868405282e-03    1.0932464844e+05
    9.8056588322e-03    1.0928855469e+05
    9.8244920373e-03    1.0925275781e+05
    9.8433364183e-03    1.0921025781e+05
    9.8621929064e-03    1.0916521094e+05
    9.8810633644e-03    1.0912011719e+05
    9.8999459296e-03    1.0907437500e+05
    9.9188406020e-03    1.0902853906e+05
    9.9377483130e-03    1.0898511719e+05
    9.9566690624e-03    1.0893814844e+05
    9.9756028503e-03    1.0888446875e+05
    9.9945487455e-03    1.0882439844e+05
    1.0013507679e-02    1.0875825781e+05
    1.0032479651e-02    1.0867864844e+05
    1.0051463731e-02    1.0858403125e+05
    1.0070459917e-02    1.0847625781e+05
    1.0089469142e-02    1.0835889844e+05
    1.0108492337e-02    1.0822315625e+05
    1.0127528571e-02    1.0808782031e+05
    1.0146577843e-02    1.0793941406e+05
    1.0165639222e-02    1.0778275000e+05
    1.0184712708e-02    1.0762628906e+05
    1.0203798302e-02    1.0746743750e+05
    1.0222896002e-02    1.0730992969e+05
    1.0242006741e-02    1.0716789844e+05
    1.0261129588e-02    1.0702607031e+05
    1.0280264542e-02    1.0689311719e+05
    1.0299413465e-02    1.0677071094e+05
    1.0318575427e-02    1.0665028906e+05
    1.0337748565e-02    1.0653418750e+05
    1.0356934741e-02    1.0642287500e+05
    1.0376133956e-02    1.0632039844e+05
    1.0395346209e-02    1.0622438281e+05
    1.0414571501e-02    1.0613606250e+05
    1.0433809832e-02    1.0605289844e+05
    1.0453061201e-02    1.0597471875e+05
    1.0472324677e-02    1.0590600000e+05
    1.0491601191e-02    1.0584627344e+05
    1.0510892607e-02    1.0579202344e+05
    1.0530196130e-02    1.0574646094e+05
    1.0549513623e-02    1.0570656250e+05
    1.0568842292e-02    1.0567314844e+05
    1.0588183999e-02    1.0564485156e+05
    1.0607538745e-02    1.0562186719e+05
    1.0626907460e-02    1.0560585156e+05
    1.0646289214e-02    1.0559447656e+05
    1.0665684007e-02    1.0558568750e+05
    1.0685092770e-02    1.0558031250e+05
    1.0704516433e-02    1.0556803906e+05
    1.0723951273e-02    1.0554821875e+05
    1.0743400082e-02    1.0552857031e+05
    1.0762862861e-02    1.0549735156e+05
    1.0782338679e-02    1.0546303906e+05
    1.0801829398e-02    1.0541865625e+05
    1.0821334086e-02    1.0536494531e+05
    1.0840852745e-02    1.0530356250e+05
    1.0860386305e-02    1.0523355469e+05
    1.0879932903e-02    1.0515110156e+05
    1.0899493471e-02    1.0506556250e+05
    1.0919069871e-02    1.0497566406e+05
    1.0938662104e-02    1.0489060156e+05
    1.0958270170e-02    1.0481467969e+05
    1.0977892205e-02    1.0474968750e+05
    1.0997531936e-02    1.0468675000e+05
    1.1017187499e-02    1.0463428125e+05
    1.1036860757e-02    1.0459266406e+05
    1.1056551710e-02    1.0456321094e+05
    1.1076259427e-02    1.0453681250e+05
    1.1095987633e-02    1.0452380469e+05
    1.1115733534e-02    1.0451816406e+05
    1.1135498993e-02    1.0450646094e+05
    1.1155283079e-02    1.0449417969e+05
    1.1175086722e-02    1.0447405469e+05
    1.1194912717e-02    1.0444877344e+05
    1.1214758269e-02    1.0441503906e+05
    1.1234625243e-02    1.0437172656e+05
    1.1254511774e-02    1.0433153906e+05
    1.1274418794e-02    1.0428603125e+05
    1.1294347234e-02    1.0424385156e+05
    1.1314296164e-02    1.0419444531e+05
    1.1334266514e-02    1.0414909375e+05
    1.1354257353e-02    1.0410761719e+05
    1.1374268681e-02    1.0405480469e+05
    1.1394302361e-02    1.0400347656e+05
    1.1414355598e-02    1.0394839844e+05
    1.1434430256e-02    1.0389347656e+05
    1.1454525404e-02    1.0383208594e+05
    1.1474640109e-02    1.0377218750e+05
    1.1494777165e-02    1.0370533594e+05
    1.1514934711e-02    1.0363403125e+05
    1.1535113677e-02    1.0355758594e+05
    1.1555313133e-02    1.0348539844e+05
    1.1575534008e-02    1.0340633594e+05
    1.1595774442e-02    1.0333552344e+05
    1.1616035365e-02    1.0326868750e+05
    1.1636316776e-02    1.0321155469e+05
    1.1656619608e-02    1.0316484375e+05
    1.1676942930e-02    1.0312075000e+05
    1.1697287671e-02    1.0308532031e+05
    1.1717652902e-02    1.0304496875e+05
    1.1738038622e-02    1.0301691406e+05
    1.1758443899e-02    1.0298046094e+05
    1.1778870597e-02    1.0295233594e+05
    1.1799318716e-02    1.0291981250e+05
    1.1819788255e-02    1.0288743750e+05
    1.1840280145e-02    1.0285160156e+05
    1.1860790662e-02    1.0281730469e+05
    1.1881321669e-02    1.0278291406e+05
    1.1901874095e-02    1.0275508594e+05
    1.1922447011e-02    1.0273146094e+05
    1.1943042278e-02    1.0270957031e+05
    1.1963658035e-02    1.0268960156e+05
    1.1984295212e-02    1.0267782031e+05
    1.2004952878e-02    1.0266277344e+05
    1.2025631964e-02    1.0264690625e+05
    1.2046331540e-02    1.0262602344e+05
    1.2067052536e-02    1.0260594531e+05
    1.2087795883e-02    1.0258571094e+05
    1.2108558789e-02    1.0257108594e+05
    1.2129344046e-02    1.0257375781e+05
    1.2150149792e-02    1.0260277344e+05
    1.2170976959e-02    1.0264871875e+05
    1.2191825546e-02    1.0273071094e+05
    1.2212695554e-02    1.0285985156e+05
    1.2233586982e-02    1.0305803906e+05
    1.2254500762e-02    1.0334141406e+05
    1.2275436893e-02    1.0373512500e+05
    1.2296394445e-02    1.0426122656e+05
    1.2317374349e-02    1.0493341406e+05
    1.2338375673e-02    1.0576352344e+05
    1.2359398417e-02    1.0673713281e+05
    1.2380442582e-02    1.0783315625e+05
    1.2401508167e-02    1.0898515625e+05
    1.2422595173e-02    1.1012208594e+05
    1.2443703599e-02    1.1115841406e+05
    1.2464834377e-02    1.1201784375e+05
    1.2485986575e-02    1.1262937500e+05
    1.2507158332e-02    1.1296146094e+05
    1.2528351508e-02    1.1301318750e+05
    1.2549565174e-02    1.1281377344e+05
    1.2570801191e-02    1.1239357031e+05
    1.2592058629e-02    1.1180428906e+05
    1.2613337487e-02    1.1111021094e+05
    1.2634636834e-02    1.1036300781e+05
    1.2655957602e-02    1.0961921094e+05
    1.2677297927e-02    1.0893436719e+05
    1.2698660605e-02    1.0834303906e+05
    1.2720043771e-02    1.0785985156e+05
    1.2741449289e-02    1.0747231250e+05
    1.2762876227e-02    1.0716353906e+05
    1.2784325518e-02    1.0687965625e+05
    1.2805794366e-02    1.0659738281e+05
    1.2827285565e-02    1.0627688281e+05
    1.2848797254e-02    1.0589791406e+05
    1.2870330364e-02    1.0546166406e+05
    1.2891885825e-02    1.0497184375e+05
    1.2913462706e-02    1.0444286719e+05
    1.2935061008e-02    1.0390739844e+05
    1.2956679799e-02    1.0338389844e+05
    1.2978320010e-02    1.0289028906e+05
    1.2999981642e-02    1.0244228125e+05
    1.3021663763e-02    1.0206625000e+05
    1.3043368235e-02    1.0175728906e+05
    1.3065092266e-02    1.0150977344e+05
    1.3086837716e-02    1.0130994531e+05
    1.3108605519e-02    1.0114296875e+05
    1.3130392879e-02    1.0100380469e+05
    1.3152201660e-02    1.0088325000e+05
    1.3174032792e-02    1.0077553906e+05
    1.3195885345e-02    1.0068307031e+05
    1.3217759319e-02    1.0059474219e+05
    1.3239653781e-02    1.0051407031e+05
    1.3261569664e-02    1.0044152344e+05
    1.3283506967e-02    1.0038034375e+05
    1.3305463828e-02    1.0033062500e+05
    1.3327440247e-02    1.0029321094e+05
    1.3349435292e-02    1.0025602344e+05
    1.3371448033e-02    1.0022688281e+05
    1.3393475674e-02    1.0019871875e+05
    1.3415516354e-02    1.0015805469e+05
    1.3437564485e-02    1.0010583594e+05
    1.3459613547e-02    1.0003944531e+05
    1.3481658883e-02    9.9957804688e+04
    1.3503690250e-02    9.9866664062e+04
    1.3525702059e-02    9.9769062500e+04
    1.3547683135e-02    9.9667585938e+04
    1.3569628820e-02    9.9581601562e+04
    1.3591531664e-02    9.9518773438e+04
    1.3613392599e-02    9.9490687500e+04
    1.3635210693e-02    9.9495851562e+04
    1.3656994328e-02    9.9538429688e+04
    1.3678749092e-02    9.9603117188e+04
    1.3700488023e-02    9.9693351562e+04
    1.3722228818e-02    9.9786289062e+04
    1.3743981719e-02    9.9871476562e+04
    1.3765762560e-02    9.9945351562e+04
    1.3787578791e-02    1.0000334375e+05
    1.3809437864e-02    1.0004841406e+05
    1.3831341639e-02    1.0008302344e+05
    1.3853288256e-02    1.0011641406e+05
    1.3875273056e-02    1.0015830469e+05
    1.3897285797e-02    1.0019664844e+05
    1.3919321820e-02    1.0025796875e+05
    1.3941374607e-02    1.0033221094e+05
    1.3963440433e-02    1.0042246094e+05
    1.3985517435e-02    1.0052072656e+05
    1.4007603750e-02    1.0061956250e+05
    1.4029704034e-02    1.0071260156e+05
    1.4051820152e-02    1.0079608594e+05
    1.4073957689e-02    1.0086978906e+05
    1.4096121304e-02    1.0093524219e+05
    1.4118315652e-02    1.0097966406e+05
    1.4140545391e-02    1.0102208594e+05
    1.4162814245e-02    1.0105536719e+05
    1.4185124077e-02    1.0108497656e+05
    1.4207473956e-02    1.0110727344e+05
    1.4229862019e-02    1.0113108594e+05
    1.4252286404e-02    1.0115500781e+05
    1.4274741523e-02    1.0118300781e+05
    1.4297228307e-02    1.0120941406e+05
    1.4319745824e-02    1.0123580469e+05
    1.4342290349e-02    1.0127171094e+05
    1.4364863746e-02    1.0130308594e+05
    1.4387467876e-02    1.0132327344e+05
    1.4410103671e-02    1.0135185156e+05
    1.4432771131e-02    1.0136927344e+05
    1.4455472119e-02    1.0138537500e+05
    1.4478209428e-02    1.0139640625e+05
    1.4500979334e-02    1.0140378125e+05
    1.4523783699e-02    1.0140958594e+05
    1.4546621591e-02    1.0140600781e+05
    1.4569494873e-02    1.0139241406e+05
    1.4592399821e-02    1.0138212500e+05
    1.4615339227e-02    1.0135971094e+05
    1.4638305642e-02    1.0132661719e+05
    1.4661304653e-02    1.0128452344e+05
    1.4684336260e-02    1.0123039844e+05
    1.4707398601e-02    1.0116988281e+05
    1.4730494469e-02    1.0110299219e+05
    1.4753622934e-02    1.0102152344e+05
    1.4776783995e-02    1.0092824219e+05
    1.4799979515e-02    1.0083403906e+05
    1.4823205769e-02    1.0073900781e+05
    1.4846466482e-02    1.0064834375e+05
    1.4869757928e-02    1.0055450781e+05
    1.4893081971e-02    1.0046462500e+05
    1.4916437678e-02    1.0037830469e+05
    1.4939822257e-02    1.0028921094e+05
    1.4963239431e-02    1.0021124219e+05
    1.4986685477e-02    1.0014502344e+05
    1.5010161325e-02    1.0008259375e+05
    1.5033668838e-02    1.0002747656e+05
    1.5057205223e-02    9.9988585938e+04
    1.5080772340e-02    9.9952835938e+04
    1.5104367398e-02    9.9937062500e+04
    1.5127992257e-02    9.9920289062e+04
    1.5151646920e-02    9.9911093750e+04
    1.5175330453e-02    9.9909835938e+04
    1.5199041925e-02    9.9914476562e+04
    1.5222782269e-02    9.9928500000e+04
    1.5246548690e-02    9.9945554688e+04
    1.5270343982e-02    9.9965937500e+04
    1.5294168144e-02    9.9982898438e+04
    1.5318016522e-02    1.0000190625e+05
    1.5341891907e-02    1.0002330469e+05
    1.5365792438e-02    1.0004571094e+05
    1.5389721841e-02    1.0006283594e+05
    1.5413676389e-02    1.0008521875e+05
    1.5437657945e-02    1.0009966406e+05
    1.5461664647e-02    1.0012190625e+05
    1.5485695563e-02    1.0013283594e+05
    1.5509752557e-02    1.0014321875e+05
    1.5533835627e-02    1.0014955469e+05
    1.5557944775e-02    1.0014981250e+05
    1.5582079068e-02    1.0014950781e+05
    1.5606240369e-02    1.0013964844e+05
    1.5630424023e-02    1.0011835156e+05
    1.5654634684e-02    1.0009662500e+05
    1.5678871423e-02    1.0006719531e+05
    1.5703132376e-02    1.0003341406e+05
    1.5727419406e-02    9.9990351562e+04
    1.5751728788e-02    9.9937937500e+04
    1.5776060522e-02    9.9884507812e+04
    1.5800418332e-02    9.9838664062e+04
    1.5824800357e-02    9.9795085938e+04
    1.5849204734e-02    9.9756210938e+04
    1.5873633325e-02    9.9723398438e+04
    1.5898084268e-02    9.9703351562e+04
    1.5922557563e-02    9.9697257812e+04
    1.5947058797e-02    9.9702414062e+04
    1.5971582383e-02    9.9719000000e+04
    1.5996130183e-02    9.9747523438e+04
    1.6020702198e-02    9.9777476562e+04
    1.6045298427e-02    9.9826226562e+04
    1.6069920734e-02    9.9876468750e+04
    1.6094569117e-02    9.9928460938e+04
    1.6119243577e-02    9.9983882812e+04
    1.6143942252e-02    1.0004152344e+05
    1.6168667004e-02    1.0009046094e+05
    1.6193419695e-02    1.0013691406e+05
    1.6218200326e-02    1.0017458594e+05
    1.6243007034e-02    1.0021899219e+05
    1.6267839819e-02    1.0026524219e+05
    1.6292702407e-02    1.0031112500e+05
    1.6317596659e-02    1.0035371094e+05
    1.6342513263e-02    1.0039711719e+05
    1.6367461532e-02    1.0044899219e+05
    1.6392435879e-02    1.0050671094e+05
    1.6417443752e-02    1.0056139844e+05
    1.6442479566e-02    1.0061675781e+05
    1.6467543319e-02    1.0066412500e+05
    1.6492636874e-02    1.0071296094e+05
    1.6517756507e-02    1.0075593750e+05
    1.6542907804e-02    1.0079414844e+05
    1.6568088904e-02    1.0082531250e+05
    1.6593271866e-02    1.0085080469e+05
    1.6618426889e-02    1.0087353906e+05
    1.6643559560e-02    1.0089188281e+05
    1.6668669879e-02    1.0090672656e+05
    1.6693757847e-02    1.0092108594e+05
    1.6718825325e-02    1.0094319531e+05
    1.6743874177e-02    1.0096506250e+05
    1.6768900678e-02    1.0099580469e+05
    1.6793908551e-02    1.0102047656e+05
    1.6818899661e-02    1.0104909375e+05
    1.6843874007e-02    1.0108271094e+05
    1.6868829727e-02    1.0111802344e+05
    1.6893770546e-02    1.0115765625e+05
    1.6918692738e-02    1.0120590625e+05
    1.6943598166e-02    1.0125383594e+05
    1.6968490556e-02    1.0130633594e+05
    1.6993366182e-02    1.0136066406e+05
    1.7018226907e-02    1.0141658594e+05
    1.7043072730e-02    1.0148292969e+05
    1.7067901790e-02    1.0154160156e+05
    1.7092714086e-02    1.0160497656e+05
    1.7117511481e-02    1.0166880469e+05
    1.7142292112e-02    1.0173400000e+05
    1.7167057842e-02    1.0179510156e+05
    1.7191808671e-02    1.0185149219e+05
    1.7216544598e-02    1.0190159375e+05
    1.7241263762e-02    1.0194488281e+05
    1.7265968025e-02    1.0198268750e+05
    1.7290659249e-02    1.0201774219e+05
    1.7315333709e-02    1.0204296094e+05
    1.7339993268e-02    1.0206197656e+05
    1.7364639789e-02    1.0207553906e+05
    1.7389267683e-02    1.0208100000e+05
    1.7413880676e-02    1.0209421875e+05
    1.7438478768e-02    1.0210371094e+05
    1.7463061959e-02    1.0210186719e+05
    1.7487626523e-02    1.0210418750e+05
    1.7512176186e-02    1.0210960156e+05
    1.7536709085e-02    1.0211353906e+05
    1.7561223358e-02    1.0211183594e+05
    1.7585720867e-02    1.0211889844e+05
    1.7610201612e-02    1.0212413281e+05
    1.7634663731e-02    1.0212953906e+05
    1.7659107223e-02    1.0213768750e+05
    1.7683532089e-02    1.0214072656e+05
    1.7707940191e-02    1.0215203906e+05
    1.7732329667e-02    1.0215627344e+05
    1.7756698653e-02    1.0216421094e+05
    1.7781050876e-02    1.0217414844e+05
    1.7805384472e-02    1.0219391406e+05
    1.7829699442e-02    1.0220372656e+05
    1.7853999510e-02    1.0221893750e+05
    1.7878280953e-02    1.0223362500e+05
    1.7902545631e-02    1.0225405469e+05
    1.7926793545e-02    1.0227610156e+05
    1.7951028422e-02    1.0229871094e+05
    1.7975246534e-02    1.0233012500e+05
    1.7999447882e-02    1.0236122656e+05
    1.8023636192e-02    1.0240075781e+05
    1.8047811463e-02    1.0244199219e+05
    1.8071975559e-02    1.0248855469e+05
    1.8096126616e-02    1.0254725781e+05
    1.8120266497e-02    1.0262002344e+05
    1.8144397065e-02    1.0269550000e+05
    1.8168520182e-02    1.0278135156e+05
    1.8192630261e-02    1.0287610156e+05
    1.8216732889e-02    1.0298746875e+05
    1.8240824342e-02    1.0310312500e+05
    1.8264908344e-02    1.0321980469e+05
    1.8288983032e-02    1.0332784375e+05
    1.8313048407e-02    1.0342180469e+05
    1.8337102607e-02    1.0350110156e+05
    1.8361147493e-02    1.0355210156e+05
    1.8385183066e-02    1.0358046094e+05
    1.8409207463e-02    1.0357185156e+05
    1.8433224410e-02    1.0353097656e+05
    1.8457230181e-02    1.0345321875e+05
    1.8481226638e-02    1.0333840625e+05
    1.8505210057e-02    1.0318377344e+05
    1.8529184163e-02    1.0299514844e+05
    1.8553148955e-02    1.0277333594e+05
    1.8577100709e-02    1.0252465625e+05
    1.8601041287e-02    1.0226460156e+05
    1.8624972552e-02    1.0199593750e+05
    1.8648892641e-02    1.0173422656e+05
    1.8672801554e-02    1.0149592969e+05
    1.8696699291e-02    1.0127115625e+05
    1.8720587716e-02    1.0107736719e+05
    1.8744463101e-02    1.0091935156e+05
    1.8768329173e-02    1.0079762500e+05
    1.8792184070e-02    1.0071533594e+05
    1.8816027790e-02    1.0066146875e+05
    1.8839860335e-02    1.0061937500e+05
    1.8863683566e-02    1.0059868750e+05
    1.8887493759e-02    1.0058928906e+05
    1.8911294639e-02    1.0059897656e+05
    1.8935086206e-02    1.0061721875e+05
    1.8958866596e-02    1.0064860156e+05
    1.8982635811e-02    1.0068377344e+05
    1.9006397575e-02    1.0071985156e+05
    1.9030146301e-02    1.0076537500e+05
    1.9053885713e-02    1.0081041406e+05
    1.9077615812e-02    1.0086378125e+05
    1.9101334736e-02    1.0091666406e+05
    1.9125042483e-02    1.0096883594e+05
    1.9148740917e-02    1.0101546094e+05
    1.9172428176e-02    1.0106153125e+05
    1.9196104258e-02    1.0110422656e+05
    1.9219771028e-02    1.0114252344e+05
    1.9243424758e-02    1.0118343750e+05
    1.9267069176e-02    1.0122272656e+05
    1.9290700555e-02    1.0126325000e+05
    1.9314322621e-02    1.0130652344e+05
    1.9337931648e-02    1.0135652344e+05
    1.9361529499e-02    1.0141602344e+05
    1.9385114312e-02    1.0147382031e+05
    1.9408687949e-02    1.0154785156e+05
    1.9432250410e-02    1.0162296094e+05
    1.9455801696e-02    1.0170510156e+05
    1.9479339942e-02    1.0178439844e+05
    1.9502865151e-02    1.0186422656e+05
    1.9526379183e-02    1.0193568750e+05
    1.9549878314e-02    1.0200772656e+05
    1.9573366269e-02    1.0207402344e+05
    1.9596841186e-02    1.0213833594e+05
    1.9620303065e-02    1.0219791406e+05
    1.9643751904e-02    1.0224921094e+05
    1.9667187706e-02    1.0229346094e+05
    1.9690606743e-02    1.0233775781e+05
    1.9714014605e-02    1.0237741406e+05
    1.9737409428e-02    1.0240743750e+05
    1.9760791212e-02    1.0243210156e+05
    1.9784159958e-02    1.0245264844e+05
    1.9807513803e-02    1.0247122656e+05
    1.9830854610e-02    1.0248906250e+05
    1.9854182377e-02    1.0249308594e+05
    1.9877497107e-02    1.0249706250e+05
    1.9900798798e-02    1.0249984375e+05
    1.9924087450e-02    1.0249438281e+05
    1.9947361201e-02    1.0249027344e+05
    1.9970623776e-02    1.0248327344e+05
    1.9993871450e-02    1.0247642969e+05
    2.0017107949e-02    1.0246234375e+05
    2.0040329546e-02    1.0245150000e+05
    2.0063538104e-02    1.0244072656e+05
    2.0086731762e-02    1.0242619531e+05
    2.0109914243e-02    1.0241439844e+05
    2.0133081824e-02    1.0240108594e+05
    2.0156236365e-02    1.0238616406e+05
    2.0179376006e-02    1.0237368750e+05
    2.0202504471e-02    1.0235633594e+05
    2.0225618035e-02    1.0233653906e+05
    2.0248720422e-02    1.0231753125e+05
    2.0271807909e-02    1.0229249219e+05
    2.0294882357e-02    1.0227283594e+05
    2.0317947492e-02    1.0226247656e+05
    2.0340997726e-02    1.0224685156e+05
    2.0364036784e-02    1.0223160156e+05
    2.0387060940e-02    1.0221103125e+05
    2.0410073921e-02    1.0219607031e+05
    2.0433073863e-02    1.0217572656e+05
    2.0456060767e-02    1.0216235156e+05
    2.0479036495e-02    1.0213930469e+05
    2.0501999184e-02    1.0212552344e+05
    2.0524948835e-02    1.0211188281e+05
    2.0547885448e-02    1.0209710156e+05
    2.0570809022e-02    1.0208457031e+05
    2.0593719557e-02    1.0207486719e+05
    2.0616617054e-02    1.0206239844e+05
    2.0639499649e-02    1.0205068750e+05
    2.0662369207e-02    1.0203910156e+05
    2.0685223863e-02    1.0202803906e+05
    2.0708063617e-02    1.0201685156e+05
    2.0730890334e-02    1.0200583594e+05
    2.0753700286e-02    1.0200052344e+05
    2.0776495337e-02    1.0198721094e+05
    2.0799275488e-02    1.0197596094e+05
    2.0822042599e-02    1.0196462500e+05
    2.0844791085e-02    1.0195275000e+05
    2.0867524669e-02    1.0194091406e+05
    2.0890241489e-02    1.0192652344e+05
    2.0912945271e-02    1.0190791406e+05
    2.0935632288e-02    1.0189497656e+05
    2.0958306268e-02    1.0188265625e+05
    2.0980965346e-02    1.0187032031e+05
    2.1003607661e-02    1.0185916406e+05
    2.1026238799e-02    1.0184639844e+05
    2.1048855036e-02    1.0183422656e+05
    2.1071458235e-02    1.0182143750e+05
    2.1094048396e-02    1.0180875781e+05
    2.1116625518e-02    1.0180096094e+05
    2.1139191464e-02    1.0179316406e+05
    2.1161744371e-02    1.0178027344e+05
    2.1184286103e-02    1.0176846094e+05
    2.1206818521e-02    1.0175571875e+05
    2.1229337901e-02    1.0174934375e+05
    2.1251846105e-02    1.0174774219e+05
    2.1274344996e-02    1.0173971094e+05
    2.1296832711e-02    1.0174112500e+05
    2.1319312975e-02    1.0173603125e+05
    2.1341778338e-02    1.0173185156e+05
    2.1364232525e-02    1.0172928906e+05
    2.1386675537e-02    1.0172702344e+05
    2.1409107372e-02    1.0172072656e+05
    2.1431528032e-02    1.0172402344e+05
    2.1453931928e-02    1.0171914844e+05
    2.1476324648e-02    1.0171987500e+05
    2.1498700604e-02    1.0172156250e+05
    2.1521063522e-02    1.0171852344e+05
    2.1543409675e-02    1.0171547656e+05
    2.1565740928e-02    1.0172171094e+05
    2.1588053554e-02    1.0172928906e+05
    2.1610351279e-02    1.0172764844e+05
    2.1632634103e-02    1.0172727344e+05
    2.1654898301e-02    1.0172246875e+05
    2.1677147597e-02    1.0172599219e+05
    2.1699378267e-02    1.0172592969e+05
    2.1721594036e-02    1.0172644531e+05
    2.1743793041e-02    1.0173064844e+05
    2.1765975282e-02    1.0172868750e+05
    2.1788140759e-02    1.0173280469e+05
    2.1810289472e-02    1.0172578125e+05
    2.1832419559e-02    1.0172566406e+05
    2.1854531020e-02    1.0172557031e+05
    2.1876627579e-02    1.0172616406e+05
    2.1898705512e-02    1.0172546094e+05
    2.1920768544e-02    1.0171989844e+05
    2.1942811087e-02    1.0171871094e+05
    2.1964838728e-02    1.0171516406e+05
    2.1986849606e-02    1.0171816406e+05
    2.2008845583e-02    1.0171521094e+05
    2.2030822933e-02    1.0171155469e+05
    2.2052785382e-02    1.0170781250e+05
    2.2074732929e-02    1.0170146094e+05
    2.2096665576e-02    1.0169993750e+05
    2.2118583322e-02    1.0169203906e+05
    2.2140489891e-02    1.0168983594e+05
    2.2162377834e-02    1.0169740625e+05
    2.2184254602e-02    1.0169558594e+05
    2.2206118330e-02    1.0169381250e+05
    2.2227969021e-02    1.0169197656e+05
    2.2249806672e-02    1.0169050781e+05
    2.2271629423e-02    1.0168078125e+05
    2.2293440998e-02    1.0167618750e+05
    2.2315241396e-02    1.0168303125e+05
    2.2337028757e-02    1.0168133594e+05
    2.2358803079e-02    1.0168027344e+05
    2.2380566224e-02    1.0167875781e+05
    2.2402318195e-02    1.0167658594e+05
    2.2424057126e-02    1.0166949219e+05
    2.2445784882e-02    1.0166603906e+05
    2.2467501462e-02    1.0165822656e+05
    2.2489206865e-02    1.0165539844e+05
    2.2510899231e-02    1.0165233594e+05
    2.2532582283e-02    1.0164728906e+05
    2.2554252297e-02    1.0163912500e+05
    2.2575911134e-02    1.0163302344e+05
    2.2597560659e-02    1.0162971094e+05
    2.2619199008e-02    1.0162581250e+05
    2.2640828043e-02    1.0162300781e+05
    2.2662445903e-02    1.0161447656e+05
    2.2684050724e-02    1.0160572656e+05
    2.2705646232e-02    1.0160160156e+05
    2.2727232426e-02    1.0159821875e+05
    2.2748809308e-02    1.0160377344e+05
    2.2770375013e-02    1.0160166406e+05
    2.2791929543e-02    1.0159858594e+05
    2.2813472897e-02    1.0159578906e+05
    2.2835006937e-02    1.0159259375e+05
    2.2856531665e-02    1.0158949219e+05
    2.2878047079e-02    1.0159553906e+05
    2.2899549454e-02    1.0159239844e+05
    2.2921044379e-02    1.0158341406e+05
    2.2942528129e-02    1.0158400781e+05
    2.2964000702e-02    1.0157975000e+05
    2.2985465825e-02    1.0157855469e+05
    2.3006917909e-02    1.0157384375e+05
    2.3028360680e-02    1.0156989844e+05
    2.3049792275e-02    1.0156035156e+05
    2.3071214557e-02    1.0155514844e+05
    2.3092625663e-02    1.0154572656e+05
    2.3114029318e-02    1.0154280469e+05
    2.3135419935e-02    1.0153053906e+05
    2.3156799376e-02    1.0152410156e+05
    2.3178169504e-02    1.0151683594e+05
    2.3199530318e-02    1.0150139844e+05
    2.3220879957e-02    1.0149208594e+05
    2.3242218420e-02    1.0147644531e+05
    2.3263547570e-02    1.0146478125e+05
    2.3284865543e-02    1.0145872656e+05
    2.3306174204e-02    1.0145337500e+05
    2.3327469826e-02    1.0143782031e+05
    2.3348756135e-02    1.0143377344e+05
    2.3370031267e-02    1.0143293750e+05
    2.3391297087e-02    1.0143015625e+05
    2.3412553594e-02    1.0143806250e+05
    2.3433798924e-02    1.0144783594e+05
    2.3455033079e-02    1.0145085156e+05
    2.3476256058e-02    1.0146550781e+05
    2.3497469723e-02    1.0147699219e+05
    2.3518672213e-02    1.0149344531e+05
    2.3539865389e-02    1.0151150000e+05
    2.3561049253e-02    1.0153017969e+05
    2.3582221940e-02    1.0154939844e+05
    2.3603385314e-02    1.0157418750e+05
    2.3624535650e-02    1.0159814844e+05
    2.3645676672e-02    1.0162033594e+05
    2.3666808382e-02    1.0163778906e+05
    2.3687927052e-02    1.0165371875e+05
    2.3709038273e-02    1.0167955469e+05
    2.3730138317e-02    1.0170153125e+05
    2.3751227185e-02    1.0171646875e+05
    2.3772306740e-02    1.0174164844e+05
    2.3793375120e-02    1.0175621094e+05
    2.3814432323e-02    1.0177146875e+05
    2.3835480213e-02    1.0178590625e+05
    2.3856516927e-02    1.0180607031e+05
    2.3877544329e-02    1.0182992969e+05
    2.3898560554e-02    1.0184418750e+05
    2.3919565603e-02    1.0185849219e+05
    2.3940561339e-02    1.0188167969e+05
    2.3961545900e-02    1.0189832031e+05
    2.3982519284e-02    1.0191953906e+05
    2.4003483355e-02    1.0193603906e+05
    2.4024436250e-02    1.0195702344e+05
    2.4045377970e-02    1.0197197656e+05
    2.4066310376e-02    1.0198565625e+05
    2.4087233469e-02    1.0200509375e+05
    2.4108145386e-02    1.0202283594e+05
    2.4129044265e-02    1.0203627344e+05
    2.4149935693e-02    1.0205003906e+05
    2.4170814082e-02    1.0206334375e+05
    2.4191683158e-02    1.0207253906e+05
    2.4212542921e-02    1.0208224219e+05
    2.4233391508e-02    1.0208771094e+05
    2.4254228920e-02    1.0209027344e+05
    2.4275057018e-02    1.0208687500e+05
    2.4295873940e-02    1.0208416406e+05
    2.4316681549e-02    1.0207637500e+05
    2.4337477982e-02    1.0206853906e+05
    2.4358265102e-02    1.0205410156e+05
    2.4379042909e-02    1.0203509375e+05
    2.4399809539e-02    1.0201417969e+05
    2.4420566857e-02    1.0198110156e+05
    2.4441312999e-02    1.0195182031e+05
    2.4462047964e-02    1.0191667969e+05
    2.4482775480e-02    1.0187621875e+05
    2.4503491819e-02    1.0183188281e+05
    2.4524198845e-02    1.0179208594e+05
    2.4544894695e-02    1.0174713281e+05
    2.4565581232e-02    1.0170453906e+05
    2.4586258456e-02    1.0166535156e+05
    2.4606924504e-02    1.0162930469e+05
    2.4627581239e-02    1.0159903125e+05
    2.4648228660e-02    1.0156991406e+05
    2.4668866768e-02    1.0155013281e+05
    2.4689495564e-02    1.0154596875e+05
    2.4710113183e-02    1.0154799219e+05
    2.4730721489e-02    1.0155747656e+05
    2.4751318619e-02    1.0157500781e+05
    2.4771906435e-02    1.0159353125e+05
    2.4792486802e-02    1.0161459375e+05
    2.4813055992e-02    1.0164869531e+05
    2.4833614007e-02    1.0168608594e+05
    2.4854162708e-02    1.0171889844e+05
    2.4874702096e-02    1.0175335156e+05
    2.4895232171e-02    1.0179171094e+05
    2.4915752932e-02    1.0182317969e+05
    2.4936262518e-02    1.0185047656e+05
    2.4956764653e-02    1.0187909375e+05
    2.4977253750e-02    1.0189880469e+05
    2.4997735396e-02    1.0192383594e+05
    2.5018205866e-02    1.0194996875e+05
    2.5038668886e-02    1.0196581250e+05
    2.5059120730e-02    1.0198202344e+05
    2.5079563260e-02    1.0199202344e+05
    2.5099996477e-02    1.0200340625e+05
    2.5120420381e-02    1.0201769531e+05
    2.5140833110e-02    1.0203150781e+05
    2.5161236525e-02    1.0203564844e+05
    2.5181630626e-02    1.0204896094e+05
    2.5202017277e-02    1.0205597656e+05
    2.5222390890e-02    1.0206662500e+05
    2.5242757052e-02    1.0207710156e+05
    2.5263112038e-02    1.0208956250e+05
    2.5283459574e-02    1.0209571094e+05
    2.5303795934e-02    1.0210269531e+05
    2.5324124843e-02    1.0210910156e+05
    2.5344440714e-02    1.0211982031e+05
    2.5364749134e-02    1.0212438281e+05
    2.5385048240e-02    1.0212596094e+05
    2.5405339897e-02    1.0212793750e+05
    2.5425618514e-02    1.0213361719e+05
    2.5445887819e-02    1.0213230469e+05
    2.5466147810e-02    1.0213033594e+05
    2.5486400351e-02    1.0213640625e+05
    2.5506639853e-02    1.0213387500e+05
    2.5526873767e-02    1.0212775781e+05
    2.5547094643e-02    1.0212028906e+05
    2.5567308068e-02    1.0210789844e+05
    2.5587510318e-02    1.0209412500e+05
    2.5607703254e-02    1.0208746094e+05
    2.5627886876e-02    1.0208097656e+05
    2.5648061186e-02    1.0206931250e+05
    2.5668226182e-02    1.0205706250e+05
    2.5688380003e-02    1.0205162500e+05
    2.5708526373e-02    1.0203741406e+05
    2.5728661567e-02    1.0202388281e+05
    2.5748789310e-02    1.0200834375e+05
    2.5768904015e-02    1.0200162500e+05
    2.5789011270e-02    1.0199369531e+05
    2.5809109211e-02    1.0198941406e+05
    2.5829195976e-02    1.0198275781e+05
    2.5849273428e-02    1.0197246875e+05
    2.5869343430e-02    1.0196677344e+05
    2.5889402255e-02    1.0196239844e+05
    2.5909451768e-02    1.0195828125e+05
    2.5929493830e-02    1.0195462500e+05
    2.5949522853e-02    1.0195628125e+05
    2.5969544426e-02    1.0195846875e+05
    2.5989556685e-02    1.0196275000e+05
    2.6009559631e-02    1.0196374219e+05
    2.6029553264e-02    1.0197016406e+05
    2.6049537584e-02    1.0197696875e+05
    2.6069512591e-02    1.0198310156e+05
    2.6089478284e-02    1.0198416406e+05
    2.6109432802e-02    1.0199153125e+05
    2.6129379869e-02    1.0199853125e+05
    2.6149315760e-02    1.0200622656e+05
    2.6169244200e-02    1.0200791406e+05
    2.6189163327e-02    1.0201093750e+05
    2.6209073141e-02    1.0201347656e+05
    2.6228975505e-02    1.0201575000e+05
    2.6248866692e-02    1.0202218750e+05
    2.6268748567e-02    1.0202283594e+05
    2.6288621128e-02    1.0202855469e+05
    2.6308484375e-02    1.0202389844e+05
    2.6328338310e-02    1.0202286719e+05
    2.6348184794e-02    1.0202211719e+05
    2.6368021965e-02    1.0201991406e+05
    2.6387847960e-02    1.0201600781e+05
    2.6407664642e-02    1.0201259375e+05
    2.6427472010e-02    1.0200269531e+05
    2.6447271928e-02    1.0199171875e+05
    2.6467062533e-02    1.0198128906e+05
    2.6486843824e-02    1.0197114844e+05
    2.6506617665e-02    1.0195972656e+05
    2.6526380330e-02    1.0195116406e+05
    2.6546133682e-02    1.0194258594e+05
    2.6565877721e-02    1.0193234375e+05
    2.6585612446e-02    1.0192392969e+05
    2.6605339721e-02    1.0190637500e+05
    2.6625057682e-02    1.0189760156e+05
    2.6644766331e-02    1.0189042969e+05
    2.6664465666e-02    1.0188285156e+05
    2.6684155688e-02    1.0188135156e+05
    2.6703836396e-02    1.0188559375e+05
    2.6723509654e-02    1.0187996875e+05
    2.6743173599e-02    1.0187688281e+05
    2.6762828231e-02    1.0187891406e+05
    2.6782475412e-02    1.0187812500e+05
    2.6802113280e-02    1.0187803906e+05
    2.6821739972e-02    1.0188796875e+05
    2.6841359213e-02    1.0189344531e+05
    2.6860967278e-02    1.0190572656e+05
    2.6880569756e-02    1.0192050000e+05
    2.6900164783e-02    1.0193071094e+05
    2.6919748634e-02    1.0194150781e+05
    2.6939325035e-02    1.0194728906e+05
    2.6958892122e-02    1.0195418750e+05
    2.6978449896e-02    1.0196503125e+05
    2.6997998357e-02    1.0197332031e+05
    2.7017539367e-02    1.0197900781e+05
    2.7037071064e-02    1.0198937500e+05
    2.7056595311e-02    1.0199968750e+05
    2.7076110244e-02    1.0200516406e+05
    2.7095617726e-02    1.0199874219e+05
    2.7115115896e-02    1.0200236719e+05
    2.7134604752e-02    1.0200561719e+05
    2.7154086158e-02    1.0200844531e+05
    2.7173558250e-02    1.0200457031e+05
    2.7193021029e-02    1.0200571094e+05
    2.7212476358e-02    1.0200103125e+05
    2.7231922373e-02    1.0200064844e+05
    2.7251357213e-02    1.0199664844e+05
    2.7270786464e-02    1.0199215625e+05
    2.7290204540e-02    1.0199208594e+05
    2.7309613302e-02    1.0199297656e+05
    2.7329014614e-02    1.0199255469e+05
    2.7348404750e-02    1.0199238281e+05
    2.7367785573e-02    1.0199214844e+05
    2.7387158945e-02    1.0199297656e+05
    2.7406521142e-02    1.0199267969e+05
    2.7425874025e-02    1.0199562500e+05
    2.7445219457e-02    1.0199750781e+05
    2.7464553714e-02    1.0199952344e+05
    2.7483878657e-02    1.0200217969e+05
    2.7503194287e-02    1.0200389844e+05
    2.7522502467e-02    1.0200767969e+05
    2.7541799471e-02    1.0201456250e+05
    2.7561087161e-02    1.0201797656e+05
    2.7580365539e-02    1.0202708594e+05
    2.7599634603e-02    1.0203017969e+05
    2.7618894354e-02    1.0203458594e+05
    2.7638144791e-02    1.0203746875e+05
    2.7657385916e-02    1.0204150000e+05
    2.7676619589e-02    1.0204608594e+05
    2.7695843950e-02    1.0204827344e+05
    2.7715058997e-02    1.0205019531e+05
    2.7734262869e-02    1.0205286719e+05
    2.7753459290e-02    1.0204833594e+05
    2.7772648260e-02    1.0204910156e+05
    2.7791827917e-02    1.0204955469e+05
    2.7810998261e-02    1.0204453906e+05
    2.7830159292e-02    1.0204469531e+05
    2.7849311009e-02    1.0204530469e+05
    2.7868455276e-02    1.0204519531e+05
    2.7887590230e-02    1.0204600000e+05
    2.7906717733e-02    1.0204552344e+05
    2.7925835922e-02    1.0204474219e+05
    2.7944946662e-02    1.0204321094e+05
    2.7964048088e-02    1.0204360156e+05
    2.7983140200e-02    1.0204346094e+05
    2.8002224863e-02    1.0204052344e+05
    2.8021300212e-02    1.0203866406e+05
    2.8040368110e-02    1.0204353125e+05
    2.8059426695e-02    1.0204293750e+05
    2.8078475967e-02    1.0204425781e+05
    2.8097519651e-02    1.0204447656e+05
    2.8116554022e-02    1.0204588281e+05
    2.8135580942e-02    1.0204635156e+05
    2.8154598549e-02    1.0204817969e+05
    2.8173606843e-02    1.0204905469e+05
    2.8192607686e-02    1.0205103125e+05
    2.8211599216e-02    1.0205089844e+05
    2.8230583295e-02    1.0205315625e+05
    2.8249559924e-02    1.0205433594e+05
    2.8268527240e-02    1.0205603125e+05
    2.8287487105e-02    1.0205702344e+05
    2.8306435794e-02    1.0205737500e+05
    2.8325378895e-02    1.0205825000e+05
    2.8344312683e-02    1.0205892969e+05
    2.8363237157e-02    1.0205953125e+05
    2.8382156044e-02    1.0206106250e+05
    2.8401065618e-02    1.0205911719e+05
    2.8419965878e-02    1.0205485156e+05
    2.8438858688e-02    1.0206212500e+05
    2.8457742184e-02    1.0206335156e+05
    2.8476616368e-02    1.0206475000e+05
    2.8495483100e-02    1.0206566406e+05
    2.8514338657e-02    1.0206737500e+05
    2.8533160686e-02    1.0206934375e+05
    2.8551930562e-02    1.0207089844e+05
    2.8570635244e-02    1.0207700781e+05
    2.8589271009e-02    1.0207766406e+05
    2.8607837856e-02    1.0207722656e+05
    2.8626350686e-02    1.0207971094e+05
    2.8644818813e-02    1.0208153125e+05
    2.8663259000e-02    1.0208396094e+05
    2.8681686148e-02    1.0208564844e+05
    2.8700113297e-02    1.0208714844e+05
    2.8718546033e-02    1.0208956250e+05
    2.8736986220e-02    1.0208659375e+05
    2.8755431995e-02    1.0208046094e+05
    2.8773877770e-02    1.0207944531e+05
    2.8792314231e-02    1.0208935156e+05
    2.8810730204e-02    1.0208905469e+05
    2.8829116374e-02    1.0208978906e+05
    2.8847465292e-02    1.0208480469e+05
    2.8865773231e-02    1.0208296094e+05
    2.8884036466e-02    1.0208617969e+05
    2.8902258724e-02    1.0208022656e+05
    2.8920443729e-02    1.0208984375e+05
    2.8938598931e-02    1.0208746094e+05
    2.8956729919e-02    1.0208090625e+05
    2.8974846005e-02    1.0209108594e+05
    2.8992949054e-02    1.0208714844e+05
    2.9011042789e-02    1.0208659375e+05
    2.9029129073e-02    1.0208488281e+05
    2.9047204182e-02    1.0209028906e+05
    2.9065268114e-02    1.0209021875e+05
    2.9083315283e-02    1.0208678906e+05
    2.9101338238e-02    1.0209408594e+05
    2.9119335115e-02    1.0209108594e+05
    2.9137304053e-02    1.0208812500e+05
    2.9155241325e-02    1.0208858594e+05
    2.9173148796e-02    1.0209264844e+05
    2.9191024601e-02    1.0209099219e+05
    2.9208874330e-02    1.0209059375e+05
    2.9226697981e-02    1.0209141406e+05
    2.9244501144e-02    1.0210034375e+05
    2.9262285680e-02    1.0209508594e+05
    2.9280053452e-02    1.0209896875e+05
    2.9297806323e-02    1.0209992969e+05
    2.9315544292e-02    1.0209835156e+05
    2.9333265498e-02    1.0209782031e+05
    2.9350971803e-02    1.0209778906e+05
    2.9368655756e-02    1.0209828906e+05
    2.9386319220e-02    1.0209764844e+05
    2.9403960332e-02    1.0209877344e+05
    2.9421577230e-02    1.0209933594e+05
    2.9439168051e-02    1.0210167969e+05
    2.9456734657e-02    1.0210286719e+05
    2.9474277049e-02    1.0210233594e+05
    2.9491795227e-02    1.0210172656e+05
    2.9509292915e-02    1.0210233594e+05
    2.9526771978e-02    1.0210468750e+05
    2.9544232413e-02    1.0210608594e+05
    2.9561674222e-02    1.0210597656e+05
    2.9579099268e-02    1.0211628125e+05
    2.9596509412e-02    1.0211859375e+05
    2.9613900930e-02    1.0211975000e+05
    2.9631273821e-02    1.0211617969e+05
    2.9648626223e-02    1.0211269531e+05
    2.9665958136e-02    1.0211837500e+05
    2.9683271423e-02    1.0211939844e+05
    2.9700560495e-02    1.0212597656e+05
    2.9717829078e-02    1.0212352344e+05
    2.9735075310e-02    1.0212696094e+05
    2.9752301052e-02    1.0212702344e+05
    2.9769508168e-02    1.0212943750e+05
    2.9786696658e-02    1.0213091406e+05
    2.9803866521e-02    1.0213364844e+05
    2.9821017757e-02    1.0213428125e+05
    2.9838152230e-02    1.0213616406e+05
    2.9855269939e-02    1.0213813281e+05
    2.9872370884e-02    1.0214308594e+05
    2.9889453202e-02    1.0214335156e+05
    2.9906518757e-02    1.0214532031e+05
    2.9923565686e-02    1.0214612500e+05
    2.9940593988e-02    1.0214791406e+05
    2.9957601801e-02    1.0214958594e+05
    2.9974590987e-02    1.0215103125e+05
    2.9991561547e-02    1.0214983594e+05
    3.0008511618e-02    1.0214397656e+05
    3.0025444925e-02    1.0214365625e+05
    3.0042361468e-02    1.0214687500e+05
    3.0059259385e-02    1.0215360156e+05
    3.0076142401e-02    1.0215587500e+05
    3.0093006790e-02    1.0215007031e+05
    3.0109854415e-02    1.0214918750e+05
    3.0126683414e-02    1.0214946875e+05
    3.0143497512e-02    1.0214916406e+05
    3.0160292983e-02    1.0214986719e+05
    3.0177071691e-02    1.0215031250e+05
    3.0193833634e-02    1.0214939844e+05
    3.0210576952e-02    1.0214225000e+05
    3.0227303505e-02    1.0214166406e+05
    3.0244011432e-02    1.0213275781e+05
    3.0260702595e-02    1.0212903906e+05
    3.0277376994e-02    1.0212793750e+05
    3.0294034630e-02    1.0212080469e+05
    3.0310675502e-02    1.0211360156e+05
    3.0327299610e-02    1.0211138281e+05
    3.0343905091e-02    1.0209902344e+05
    3.0360495672e-02    1.0209500000e+05
    3.0377071351e-02    1.0209146875e+05
    3.0393628404e-02    1.0208785156e+05
    3.0410168692e-02    1.0208419531e+05
    3.0426690355e-02    1.0207803125e+05
    3.0443195254e-02    1.0206721094e+05
    3.0459685251e-02    1.0206303906e+05
    3.0476156622e-02    1.0205888281e+05
    3.0492611229e-02    1.0205481250e+05
    3.0509050936e-02    1.0205085156e+05
    3.0525473878e-02    1.0204702344e+05
    3.0541881919e-02    1.0204312500e+05
    3.0558273196e-02    1.0203927344e+05
    3.0574647710e-02    1.0204253906e+05
    3.0591005459e-02    1.0204346875e+05
    3.0607348308e-02    1.0204000000e+05
    3.0623674393e-02    1.0203668750e+05
    3.0639985576e-02    1.0203377344e+05
    3.0656279996e-02    1.0204011719e+05
    3.0672557652e-02    1.0204796094e+05
    3.0688818544e-02    1.0205171094e+05
    3.0705062672e-02    1.0206264844e+05
    3.0721291900e-02    1.0207283594e+05
    3.0737506226e-02    1.0207910156e+05
    3.0753703788e-02    1.0209178906e+05
    3.0769886449e-02    1.0209557031e+05
    3.0786054209e-02    1.0209891406e+05
    3.0802207068e-02    1.0210125000e+05
    3.0818343163e-02    1.0211294531e+05
    3.0834466219e-02    1.0211916406e+05
    3.0850572512e-02    1.0212332031e+05
    3.0866663903e-02    1.0212887500e+05
    3.0882738531e-02    1.0213578125e+05
    3.0898798257e-02    1.0214865625e+05
    3.0914843082e-02    1.0214303906e+05
    3.0930871144e-02    1.0214759375e+05
    3.0946886167e-02    1.0215160156e+05
    3.0962884426e-02    1.0215563281e+05
    3.0978867784e-02    1.0216083594e+05
    3.0994836241e-02    1.0216597656e+05
    3.1010789797e-02    1.0216922656e+05
    3.1026728451e-02    1.0216965625e+05
    3.1042650342e-02    1.0216867969e+05
    3.1058559194e-02    1.0216808594e+05
    3.1074455008e-02    1.0216496094e+05
    3.1090334058e-02    1.0216815625e+05
    3.1106200069e-02    1.0216065625e+05
    3.1122051179e-02    1.0216203906e+05
    3.1137887388e-02    1.0216272656e+05
    3.1153710559e-02    1.0216453125e+05
    3.1169516966e-02    1.0216457031e+05
    3.1185310334e-02    1.0216580469e+05
    3.1201090664e-02    1.0216571094e+05
    3.1216854230e-02    1.0216041406e+05
    3.1232602894e-02    1.0216131250e+05
    3.1248336658e-02    1.0216264844e+05
    3.1264055520e-02    1.0216199219e+05
    3.1279761344e-02    1.0215996094e+05
    3.1295452267e-02    1.0215517969e+05
    3.1311132014e-02    1.0215350781e+05
    3.1326796860e-02    1.0215277344e+05
    3.1342446804e-02    1.0215192969e+05
    3.1358085573e-02    1.0214632031e+05
    3.1373709440e-02    1.0214078906e+05
    3.1389318407e-02    1.0213978906e+05
    3.1404916197e-02    1.0214233594e+05
    3.1420499086e-02    1.0213835156e+05
    3.1436067075e-02    1.0213539844e+05
    3.1451620162e-02    1.0213407031e+05
    3.1467158347e-02    1.0213152344e+05
    3.1482685357e-02    1.0213008594e+05
    3.1498193741e-02    1.0212872656e+05
    3.1513694674e-02    1.0213225781e+05
    3.1529176980e-02    1.0213583594e+05
    3.1544648111e-02    1.0213383594e+05
    3.1560108066e-02    1.0213289844e+05
    3.1575553119e-02    1.0213068750e+05
    3.1590986997e-02    1.0212533594e+05
    3.1606405973e-02    1.0212481250e+05
    3.1621813774e-02    1.0212699219e+05
    3.1637206674e-02    1.0212605469e+05
    3.1652588397e-02    1.0212416406e+05
    3.1667951494e-02    1.0212356250e+05
    3.1683307141e-02    1.0212656250e+05
    3.1698647887e-02    1.0212371094e+05
    3.1713977456e-02    1.0212187500e+05
    3.1729292125e-02    1.0212153906e+05
    3.1744595617e-02    1.0212025781e+05
    3.1759884208e-02    1.0211008594e+05
    3.1775161624e-02    1.0210827344e+05
    3.1790427864e-02    1.0210755469e+05
    3.1805675477e-02    1.0210455469e+05
    3.1820915639e-02    1.0210281250e+05
    3.1836140901e-02    1.0210121094e+05
    3.1851354986e-02    1.0209980469e+05
    3.1866557896e-02    1.0210318750e+05
    3.1881745905e-02    1.0210666406e+05
    3.1896922737e-02    1.0210572656e+05
    3.1912088394e-02    1.0210596875e+05
    3.1927239150e-02    1.0210153125e+05
    3.1942378730e-02    1.0210544531e+05
    3.1957507133e-02    1.0210488281e+05
    3.1972620636e-02    1.0210572656e+05
    3.1987726688e-02    1.0210510156e+05
    3.2002814114e-02    1.0210597656e+05
    3.2017890364e-02    1.0211694531e+05
    3.2032959163e-02    1.0211783594e+05
    3.2048013061e-02    1.0211989844e+05
    3.2063052058e-02    1.0211713281e+05
    3.2078083605e-02    1.0211194531e+05
    3.2093103975e-02    1.0211222656e+05
    3.2108109444e-02    1.0211247656e+05
    3.2123107463e-02    1.0211284375e+05
    3.2138090581e-02    1.0212039844e+05
    3.2153062522e-02    1.0212358594e+05
    3.2168023288e-02    1.0212347656e+05
    3.2182972878e-02    1.0212569531e+05
    3.2197911292e-02    1.0212556250e+05
    3.2212834805e-02    1.0212655469e+05
    3.2227750868e-02    1.0212753125e+05
    3.2242652029e-02    1.0212961719e+05
    3.2257542014e-02    1.0212946094e+05
    3.2272424549e-02    1.0213055469e+05
    3.2287292182e-02    1.0213181250e+05
    3.2302148640e-02    1.0213246875e+05
    3.2316997647e-02    1.0213362500e+05
    3.2331831753e-02    1.0213468750e+05
    3.2346658409e-02    1.0213508594e+05
    3.2361470163e-02    1.0213596094e+05
    3.2376270741e-02    1.0213446094e+05
    3.2391063869e-02    1.0213038281e+05
    3.2405842096e-02    1.0212849219e+05
    3.2420612872e-02    1.0212771094e+05
    3.2435368747e-02    1.0213718750e+05
    3.2450113446e-02    1.0213752344e+05
    3.2464850694e-02    1.0213659375e+05
    3.2479573041e-02    1.0213277344e+05
    3.2494287938e-02    1.0212746094e+05
    3.2508991659e-02    1.0212846094e+05
    3.2523684204e-02    1.0212836719e+05
    3.2538365573e-02    1.0212834375e+05
    3.2553035766e-02    1.0213066406e+05
    3.2567698509e-02    1.0213091406e+05
    3.2582346350e-02    1.0213347656e+05
    3.2596986741e-02    1.0213022656e+05
    3.2611619681e-02    1.0213058594e+05
    3.2626237720e-02    1.0213099219e+05
    3.2640848309e-02    1.0213093750e+05
    3.2655447721e-02    1.0213141406e+05
    3.2670035958e-02    1.0213240625e+05
    3.2684613019e-02    1.0213263281e+05
    3.2699178904e-02    1.0213324219e+05
    3.2713737339e-02    1.0213303125e+05
    3.2728284597e-02    1.0213077344e+05
    3.2742820680e-02    1.0212302344e+05
    3.2757349312e-02    1.0212207031e+05
    3.2771866769e-02    1.0212119531e+05
    3.2786373049e-02    1.0212278906e+05
    3.2800871879e-02    1.0212871094e+05
    3.2815355808e-02    1.0212783594e+05
    3.2829832286e-02    1.0212746875e+05
    3.2844301313e-02    1.0212246094e+05
    3.2858755440e-02    1.0211775000e+05
    3.2873202115e-02    1.0211778125e+05
    3.2887637615e-02    1.0211712500e+05
    3.2902065665e-02    1.0211652344e+05
    3.2916482538e-02    1.0211814844e+05
    3.2930891961e-02    1.0211418750e+05
    3.2945290208e-02    1.0211822656e+05
    3.2959677279e-02    1.0211840625e+05
    3.2974056900e-02    1.0211383594e+05
    3.2988425344e-02    1.0211339844e+05
    3.3002786338e-02    1.0211524219e+05
    3.3017136157e-02    1.0211253125e+05
    3.3031478524e-02    1.0211197656e+05
    3.3045809716e-02    1.0211124219e+05
    3.3060129732e-02    1.0211028125e+05
    3.3074442297e-02    1.0210916406e+05
    3.3088747412e-02    1.0210335156e+05
    3.3103041351e-02    1.0209958594e+05
    3.3117324114e-02    1.0209815625e+05
    3.3131599426e-02    1.0210378906e+05
    3.3145863563e-02    1.0210266406e+05
    3.3160120249e-02    1.0210272656e+05
    3.3174365759e-02    1.0209819531e+05
    3.3188603818e-02    1.0210200000e+05
    3.3202830702e-02    1.0210115625e+05
    3.3217050135e-02    1.0209921094e+05
    3.3231258392e-02    1.0209841406e+05
    3.3245459199e-02    1.0209769531e+05
    3.3259648830e-02    1.0209702344e+05
    3.3273831010e-02    1.0209638281e+05
    3.3288005739e-02    1.0209574219e+05
    3.3302169293e-02    1.0209516406e+05
    3.3316325396e-02    1.0209578906e+05
    3.3330474049e-02    1.0209775000e+05
    3.3344611526e-02    1.0209918750e+05
    3.3358741552e-02    1.0209483594e+05
    3.3372864127e-02    1.0209460156e+05
    3.3386975527e-02    1.0209442969e+05
    3.3401079476e-02    1.0209468750e+05
    3.3415172249e-02    1.0209309375e+05
    3.3429257572e-02    1.0209184375e+05
    3.3443335444e-02    1.0208860156e+05
    3.3457405865e-02    1.0208071094e+05
    3.3471468836e-02    1.0207947656e+05
    3.3485524356e-02    1.0208061719e+05
    3.3499568701e-02    1.0208187500e+05
    3.3513605595e-02    1.0208571875e+05
    3.3527631313e-02    1.0208488281e+05
    3.3541653305e-02    1.0207955469e+05
    3.3555664122e-02    1.0207396875e+05
    3.3569667488e-02    1.0207534375e+05
    3.3583663404e-02    1.0208141406e+05
    3.3597648144e-02    1.0208058594e+05
    3.3611625433e-02    1.0207749219e+05
    3.3625595272e-02    1.0207435156e+05
    3.3639557660e-02    1.0206872656e+05
    3.3653512597e-02    1.0206996094e+05
    3.3667460084e-02    1.0206892969e+05
    3.3681396395e-02    1.0206562500e+05
    3.3695328981e-02    1.0206452344e+05
    3.3709254116e-02    1.0206331250e+05
    3.3723168075e-02    1.0206216406e+05
    3.3737078309e-02    1.0206092969e+05
    3.3750977367e-02    1.0206080469e+05
    3.3764872700e-02    1.0205941406e+05
    3.3778760582e-02    1.0205681250e+05
    3.3792637289e-02    1.0205518750e+05
    3.3806510270e-02    1.0205341406e+05
    3.3820372075e-02    1.0204639844e+05
    3.3834230155e-02    1.0204152344e+05
    3.3848077059e-02    1.0204175000e+05
    3.3861916512e-02    1.0204212500e+05
    3.3875752240e-02    1.0203921094e+05
    3.3889576793e-02    1.0203733594e+05
    3.3903393894e-02    1.0203775781e+05
    3.3917203546e-02    1.0203821875e+05
    3.3931009471e-02    1.0202725000e+05
    3.3944804221e-02    1.0202992969e+05
    3.3958595246e-02    1.0203058594e+05
    3.3972378820e-02    1.0203119531e+05
    3.3986151218e-02    1.0202832031e+05
    3.3999919891e-02    1.0202771094e+05
    3.4013681114e-02    1.0202585156e+05
    3.4027434886e-02    1.0202005469e+05
    3.4041177481e-02    1.0201403906e+05
    3.4054916352e-02    1.0201103906e+05
    3.4068647772e-02    1.0201663281e+05
    3.4082375467e-02    1.0201787500e+05
    3.4096091986e-02    1.0201284375e+05
    3.4109804779e-02    1.0200425000e+05
    3.4123510122e-02    1.0200943750e+05
    3.4137208015e-02    1.0200800000e+05
    3.4150898457e-02    1.0200171094e+05
    3.4164581448e-02    1.0199669531e+05
    3.4178260714e-02    1.0200475000e+05
    3.4191932529e-02    1.0199802344e+05
    3.4205596894e-02    1.0199099219e+05
    3.4219253808e-02    1.0199658594e+05
    3.4232903272e-02    1.0198796875e+05
    3.4246545285e-02    1.0199524219e+05
    3.4260183573e-02    1.0198421875e+05
    3.4273810685e-02    1.0198350781e+05
    3.4287434071e-02    1.0198406250e+05
    3.4301050007e-02    1.0198796875e+05
    3.4314658493e-02    1.0198121094e+05
    3.4328263253e-02    1.0198008594e+05
    3.4341860563e-02    1.0197491406e+05
    3.4355450422e-02    1.0197547656e+05
    3.4369036555e-02    1.0197159375e+05
    3.4382611513e-02    1.0197222656e+05
    3.4396182746e-02    1.0196727344e+05
    3.4409742802e-02    1.0196689844e+05
    3.4423299134e-02    1.0196659375e+05
    3.4436848015e-02    1.0196455469e+05
    3.4450393170e-02    1.0196546094e+05
    3.4463927150e-02    1.0196222656e+05
    3.4477461129e-02    1.0196080469e+05
    3.4490987659e-02    1.0195928906e+05
    3.4504506737e-02    1.0195649219e+05
    3.4518022090e-02    1.0195474219e+05
    3.4531529993e-02    1.0195396875e+05
    3.4545030445e-02    1.0195083594e+05
    3.4558523446e-02    1.0194868750e+05
    3.4572008997e-02    1.0194641406e+05
    3.4585487098e-02    1.0194071094e+05
    3.4598957747e-02    1.0193839844e+05
    3.4612424672e-02    1.0193600781e+05
    3.4625884145e-02    1.0193838281e+05
    3.4639336169e-02    1.0193617969e+05
    3.4652780741e-02    1.0193402344e+05
    3.4666225314e-02    1.0193196094e+05
    3.4679658711e-02    1.0192996875e+05
    3.4693088382e-02    1.0192808594e+05
    3.4706510603e-02    1.0192622656e+05
    3.4719929099e-02    1.0192553906e+05
    3.4733340144e-02    1.0192364844e+05
    3.4746743739e-02    1.0192177344e+05
    3.4760143608e-02    1.0192103125e+05
    3.4773536026e-02    1.0191797656e+05
    3.4786924720e-02    1.0191606250e+05
    3.4800305963e-02    1.0191421094e+05
    3.4813679755e-02    1.0191346094e+05
    3.4827046096e-02    1.0191108594e+05
    3.4840408713e-02    1.0190864844e+05
    3.4853763878e-02    1.0190681250e+05
    3.4867111593e-02    1.0190325000e+05
    3.4880455583e-02    1.0190132031e+05
    3.4893795848e-02    1.0189653125e+05
    3.4907124937e-02    1.0189671875e+05
    3.4920454025e-02    1.0189689844e+05
    3.4933775663e-02    1.0189485156e+05
    3.4947093576e-02    1.0189056250e+05
    3.4960404038e-02    1.0188635156e+05
    3.4973710775e-02    1.0188675000e+05
    3.4987010062e-02    1.0188478906e+05
endcurve
