Curveplot
LS-DYNA keyword deck by LS-PrePost                          
Time
Pressure
Defined Connection
Pressure @ 64 #pts=1745
* Minval=     9.9737914062e+04 at time=         0.0163175967
* Maxval=     1.6840603125e+05 at time=         0.0070003495
    0.0000000000e+00    9.9998710938e+04
    3.3812357287e-05    9.9998710938e+04
    6.1326652940e-05    9.9997726562e+04
    8.9102875791e-05    9.9998914062e+04
    1.1682785407e-04    9.9999039062e+04
    1.4461828687e-04    9.9998125000e+04
    1.7236733402e-04    9.9998617188e+04
    2.0016246708e-04    1.0000949219e+05
    2.2795486439e-04    1.0000091406e+05
    2.5574557367e-04    9.9999750000e+04
    2.8353667585e-04    9.9996148438e+04
    3.1133697485e-04    1.0000043750e+05
    3.3912662184e-04    1.0000024219e+05
    3.6691734567e-04    9.9999976562e+04
    3.9470891352e-04    9.9998039062e+04
    4.2249175021e-04    9.9999687500e+04
    4.5027161832e-04    1.0000025000e+05
    4.7804549104e-04    9.9999164062e+04
    5.0581363030e-04    1.0000014844e+05
    5.3357944125e-04    1.0000752344e+05
    5.6134146871e-04    1.0000103906e+05
    5.8909942163e-04    1.0000096094e+05
    6.1685312539e-04    9.9992742188e+04
    6.4460188150e-04    1.0000056250e+05
    6.7234638846e-04    1.0000016406e+05
    7.0008635521e-04    1.0000080469e+05
    7.2782178177e-04    1.0000082031e+05
    7.5555208605e-04    9.9999585938e+04
    7.8327720985e-04    1.0000055469e+05
    8.1099680392e-04    1.0000761719e+05
    8.3871174138e-04    9.9999976562e+04
    8.6642213864e-04    9.9999226562e+04
    8.9412782108e-04    9.9991687500e+04
    9.2182843946e-04    9.9998382812e+04
    9.4952445943e-04    1.0000059375e+05
    9.7721535712e-04    1.0000046875e+05
    1.0049008997e-03    1.0000103906e+05
    1.0325826006e-03    1.0000003125e+05
    1.0602590628e-03    9.9999687500e+04
    1.0879321489e-03    1.0001071094e+05
    1.1155996472e-03    1.0000224219e+05
    1.1432634201e-03    9.9992898438e+04
    1.1709230021e-03    9.9992062500e+04
    1.1985785095e-03    1.0000033594e+05
    1.2262313394e-03    1.0000074219e+05
    1.2538790470e-03    1.0000540625e+05
    1.2815232622e-03    1.0000267969e+05
    1.3091630535e-03    1.0000372656e+05
    1.3368004002e-03    1.0000578125e+05
    1.3644339051e-03    1.0001167969e+05
    1.3920635683e-03    1.0002571094e+05
    1.4196902048e-03    1.0004891406e+05
    1.4473132323e-03    1.0010024219e+05
    1.4749332331e-03    1.0019196875e+05
    1.5025498578e-03    1.0032557031e+05
    1.5301633393e-03    1.0052044531e+05
    1.5577742597e-03    1.0077347656e+05
    1.5853822697e-03    1.0109681250e+05
    1.6129877185e-03    1.0146547656e+05
    1.6405890929e-03    1.0186467969e+05
    1.6681876732e-03    1.0225057031e+05
    1.6957829939e-03    1.0260003906e+05
    1.7233766848e-03    1.0287240625e+05
    1.7509678146e-03    1.0304972656e+05
    1.7785291420e-03    1.0313628125e+05
    1.8060547300e-03    1.0313961719e+05
    1.8335470231e-03    1.0305456250e+05
    1.8610082334e-03    1.0292271875e+05
    1.8884401070e-03    1.0274625000e+05
    1.9158447394e-03    1.0256863281e+05
    1.9432241097e-03    1.0241606250e+05
    1.9705800805e-03    1.0230250000e+05
    1.9979148638e-03    1.0222319531e+05
    2.0252298564e-03    1.0219442969e+05
    2.0525271539e-03    1.0221193750e+05
    2.0798076876e-03    1.0227035156e+05
    2.1070730872e-03    1.0234681250e+05
    2.1343247499e-03    1.0241964844e+05
    2.1615643054e-03    1.0247952344e+05
    2.1887931507e-03    1.0252005469e+05
    2.2160108201e-03    1.0254300000e+05
    2.2432196420e-03    1.0254033594e+05
    2.2704207804e-03    1.0251678906e+05
    2.2976147011e-03    1.0248374219e+05
    2.3248014040e-03    1.0244916406e+05
    2.3519827519e-03    1.0241021094e+05
    2.3791582789e-03    1.0239274219e+05
    2.4063293822e-03    1.0238902344e+05
    2.4334960617e-03    1.0238792969e+05
    2.4606597144e-03    1.0238943750e+05
    2.4878205732e-03    1.0240721094e+05
    2.5149781723e-03    1.0242296875e+05
    2.5421329774e-03    1.0244589844e+05
    2.5692859199e-03    1.0245740625e+05
    2.5964374654e-03    1.0245677344e+05
    2.6235871483e-03    1.0243797656e+05
    2.6507352013e-03    1.0242627344e+05
    2.6778825559e-03    1.0242071875e+05
    2.7050296776e-03    1.0242072656e+05
    2.7321761008e-03    1.0242239844e+05
    2.7593218256e-03    1.0242250000e+05
    2.7864677832e-03    1.0242128125e+05
    2.8136142064e-03    1.0242709375e+05
    2.8407603968e-03    1.0243241406e+05
    2.8679079842e-03    1.0244039844e+05
    2.8950548731e-03    1.0246260156e+05
    2.9222022276e-03    1.0248721094e+05
    2.9493502807e-03    1.0252372656e+05
    2.9764990322e-03    1.0257203906e+05
    3.0036487151e-03    1.0263621094e+05
    3.0307997949e-03    1.0272014844e+05
    3.0579508748e-03    1.0282092969e+05
    3.0851035845e-03    1.0291475000e+05
    3.1122572254e-03    1.0302553906e+05
    3.1394117977e-03    1.0311333594e+05
    3.1665677670e-03    1.0320485156e+05
    3.1937246677e-03    1.0326730469e+05
    3.2208829653e-03    1.0330290625e+05
    3.2480424270e-03    1.0330353906e+05
    3.2752046827e-03    1.0328828125e+05
    3.2952371985e-03    1.0325583594e+05
    3.3145032357e-03    1.0322574219e+05
    3.3336398192e-03    1.0318453906e+05
    3.3528339118e-03    1.0314703906e+05
    3.3720366191e-03    1.0310410156e+05
    3.3912549261e-03    1.0306550000e+05
    3.4104890656e-03    1.0301624219e+05
    3.4297339153e-03    1.0297346094e+05
    3.4486323129e-03    1.0293175000e+05
    3.4671388566e-03    1.0288277344e+05
    3.4854323603e-03    1.0283118750e+05
    3.5036695190e-03    1.0277147656e+05
    3.5219141282e-03    1.0270731250e+05
    3.5401545465e-03    1.0263592969e+05
    3.5583588760e-03    1.0256053125e+05
    3.5765271168e-03    1.0248877344e+05
    3.5946895368e-03    1.0242396094e+05
    3.6139658187e-03    1.0237139844e+05
    3.6330535077e-03    1.0232302344e+05
    3.6521453876e-03    1.0228322656e+05
    3.6699753255e-03    1.0225524219e+05
    3.6875614896e-03    1.0223228906e+05
    3.7050142419e-03    1.0221685156e+05
    3.7224807311e-03    1.0219268750e+05
    3.7400643341e-03    1.0217958594e+05
    3.7577797193e-03    1.0215966406e+05
    3.7755726371e-03    1.0215064844e+05
    3.7933769636e-03    1.0214355469e+05
    3.8111612666e-03    1.0213730469e+05
    3.8289318327e-03    1.0213428906e+05
    3.8467168342e-03    1.0213428906e+05
    3.8645383902e-03    1.0212421094e+05
    3.8824023213e-03    1.0211610156e+05
    3.9002960548e-03    1.0210033594e+05
    3.9182156324e-03    1.0208628906e+05
    3.9361710660e-03    1.0206633594e+05
    3.9541716687e-03    1.0204908594e+05
    3.9733103476e-03    1.0203875781e+05
    3.9924201556e-03    1.0202375000e+05
    4.0104058571e-03    1.0200202344e+05
    4.0284004062e-03    1.0198877344e+05
    4.0464363992e-03    1.0197271094e+05
    4.0656095371e-03    1.0196790625e+05
    4.0847789496e-03    1.0196314844e+05
    4.1039343923e-03    1.0195967969e+05
    4.1219722480e-03    1.0195741406e+05
    4.1400394402e-03    1.0195591406e+05
    4.1591953486e-03    1.0194533594e+05
    4.1784178466e-03    1.0193382031e+05
    4.1976389475e-03    1.0192256250e+05
    4.2168586515e-03    1.0191060156e+05
    4.2360713705e-03    1.0190415625e+05
    4.2552771047e-03    1.0189931250e+05
    4.2744791135e-03    1.0189813281e+05
    4.2936825193e-03    1.0188396875e+05
    4.3128933758e-03    1.0186644531e+05
    4.3321144767e-03    1.0184864844e+05
    4.3513495475e-03    1.0182912500e+05
    4.3705995195e-03    1.0181255469e+05
    4.3898657896e-03    1.0179897656e+05
    4.4091497548e-03    1.0178350000e+05
    4.4284537435e-03    1.0175835156e+05
    4.4477786869e-03    1.0172925000e+05
    4.4671236537e-03    1.0167877344e+05
    4.4864914380e-03    1.0162189844e+05
    4.5058806427e-03    1.0155788281e+05
    4.5252908021e-03    1.0148627344e+05
    4.5447219163e-03    1.0140140625e+05
    4.5641721226e-03    1.0131140625e+05
    4.5836409554e-03    1.0121710156e+05
    4.6031279489e-03    1.0111034375e+05
    4.6226321720e-03    1.0098991406e+05
    4.6421540901e-03    1.0086682031e+05
    4.6616927721e-03    1.0073827344e+05
    4.6812482178e-03    1.0061060156e+05
    4.7008208930e-03    1.0049513281e+05
    4.7204112634e-03    1.0039522656e+05
    4.7400193289e-03    1.0030796875e+05
    4.7596455552e-03    1.0023378906e+05
    4.7792894766e-03    1.0018050781e+05
    4.7989510931e-03    1.0015478125e+05
    4.8186304048e-03    1.0014264844e+05
    4.8383255489e-03    1.0015391406e+05
    4.8580355942e-03    1.0018253125e+05
    4.8777610064e-03    1.0023019531e+05
    4.8975008540e-03    1.0028628906e+05
    4.9172551371e-03    1.0034740625e+05
    4.9370229244e-03    1.0041457031e+05
    4.9568060786e-03    1.0047678125e+05
    4.9766036682e-03    1.0053052344e+05
    4.9964170903e-03    1.0058312500e+05
    5.0162458792e-03    1.0061497656e+05
    5.0360900350e-03    1.0064281250e+05
    5.0559476949e-03    1.0066615625e+05
    5.0758207217e-03    1.0067739844e+05
    5.0957072526e-03    1.0068000000e+05
    5.1156077534e-03    1.0067631250e+05
    5.1355226897e-03    1.0066375781e+05
    5.1554525271e-03    1.0064539844e+05
    5.1753963344e-03    1.0062860156e+05
    5.1953555085e-03    1.0061217969e+05
    5.2153295837e-03    1.0059877344e+05
    5.2353194915e-03    1.0058478906e+05
    5.2553247660e-03    1.0057672656e+05
    5.2753463387e-03    1.0057366406e+05
    5.2953832783e-03    1.0057963281e+05
    5.3154369816e-03    1.0058316406e+05
    5.3355065174e-03    1.0058617969e+05
    5.3555918857e-03    1.0059446094e+05
    5.3756926209e-03    1.0059914844e+05
    5.3958082572e-03    1.0060511719e+05
    5.4159392603e-03    1.0062072656e+05
    5.4360851645e-03    1.0063603125e+05
    5.4562464356e-03    1.0064884375e+05
    5.4764230736e-03    1.0065935156e+05
    5.4966160096e-03    1.0066447656e+05
    5.5168238468e-03    1.0066741406e+05
    5.5370470509e-03    1.0067069531e+05
    5.5572865531e-03    1.0067455469e+05
    5.5775423534e-03    1.0067674219e+05
    5.5978130549e-03    1.0066952344e+05
    5.6181000546e-03    1.0067049219e+05
    5.6384028867e-03    1.0067134375e+05
    5.6587206200e-03    1.0067394531e+05
    5.6790532544e-03    1.0067356250e+05
    5.6994007900e-03    1.0067821094e+05
    5.7197632268e-03    1.0068122656e+05
    5.7401410304e-03    1.0068862500e+05
    5.7605337352e-03    1.0068825781e+05
    5.7809422724e-03    1.0069193750e+05
    5.8013652451e-03    1.0069581250e+05
    5.8218040504e-03    1.0069971094e+05
    5.8422577567e-03    1.0070371094e+05
    5.8627268299e-03    1.0071114844e+05
    5.8832112700e-03    1.0071586719e+05
    5.9037101455e-03    1.0072512500e+05
    5.9242248535e-03    1.0072915625e+05
    5.9447535314e-03    1.0073053125e+05
    5.9641525149e-03    1.0073647656e+05
    5.9830932878e-03    1.0073921094e+05
    6.0020405799e-03    1.0074391406e+05
    6.0210367665e-03    1.0074788281e+05
    6.0400799848e-03    1.0075283594e+05
    6.0591096990e-03    1.0076821875e+05
    6.0781282373e-03    1.0077347656e+05
    6.0972142965e-03    1.0077859375e+05
    6.1162756756e-03    1.0078362500e+05
    6.1353649944e-03    1.0079102344e+05
    6.1544459313e-03    1.0080321875e+05
    6.1734300107e-03    1.0080889844e+05
    6.1924448237e-03    1.0081760156e+05
    6.2115197070e-03    1.0082763281e+05
    6.2306127511e-03    1.0083596094e+05
    6.2497169711e-03    1.0084200000e+05
    6.2688281760e-03    1.0084797656e+05
    6.2879407778e-03    1.0085897656e+05
    6.3070552424e-03    1.0087081250e+05
    6.3261794858e-03    1.0088711719e+05
    6.3453060575e-03    1.0090689844e+05
    6.3644465990e-03    1.0092692969e+05
    6.3835908659e-03    1.0094791406e+05
    6.4027444459e-03    1.0096966406e+05
    6.4219115302e-03    1.0098958594e+05
    6.4410855994e-03    1.0100580469e+05
    6.4602680504e-03    1.0101975781e+05
    6.4794607460e-03    1.0103189844e+05
    6.4986641519e-03    1.0104375781e+05
    6.5178787336e-03    1.0105172656e+05
    6.5371058881e-03    1.0106019531e+05
    6.5563363023e-03    1.0106336719e+05
    6.5755699761e-03    1.0107139844e+05
    6.5948092379e-03    1.0107288281e+05
    6.6140629351e-03    1.0107214844e+05
    6.6333152354e-03    1.0107060156e+05
    6.6525745206e-03    1.0107302344e+05
    6.6718445159e-03    1.0107985156e+05
    6.6911154427e-03    1.0109175000e+05
    6.7104012705e-03    1.0112031250e+05
    6.7296870984e-03    1.0117732031e+05
    6.7489854991e-03    1.0129752344e+05
    6.7682852969e-03    1.0154883594e+05
    6.7875892855e-03    1.0206709375e+05
    6.8069072440e-03    1.0310252344e+05
    6.8262196146e-03    1.0507028906e+05
    6.8455408327e-03    1.0855075000e+05
    6.8648783490e-03    1.1417364844e+05
    6.8842126057e-03    1.2226700000e+05
    6.9035501219e-03    1.3249203125e+05
    6.9228983484e-03    1.4363965625e+05
    6.9422605447e-03    1.5395959375e+05
    6.9616222754e-03    1.6186929688e+05
    6.9809844717e-03    1.6661773438e+05
    7.0003494620e-03    1.6840603125e+05
    7.0197195746e-03    1.6806650000e+05
    7.0390999317e-03    1.6656890625e+05
    7.0584909990e-03    1.6473378125e+05
    7.0778946392e-03    1.6308400000e+05
    7.0973108523e-03    1.6174570312e+05
    7.1167377755e-03    1.6059395312e+05
    7.1361698210e-03    1.5947376562e+05
    7.1556069888e-03    1.5819178125e+05
    7.1750483476e-03    1.5669684375e+05
    7.1944966912e-03    1.5498356250e+05
    7.2139529511e-03    1.5313145312e+05
    7.2334166616e-03    1.5123801562e+05
    7.2528840974e-03    1.4939200000e+05
    7.2723543271e-03    1.4765151562e+05
    7.2918278165e-03    1.4603464062e+05
    7.3113050312e-03    1.4451856250e+05
    7.3307845742e-03    1.4307651562e+05
    7.3502692394e-03    1.4167500000e+05
    7.3697618209e-03    1.4030895312e+05
    7.3892641813e-03    1.3896748438e+05
    7.4087800458e-03    1.3767096875e+05
    7.4282912537e-03    1.3643026562e+05
    7.4477996677e-03    1.3527595312e+05
    7.4673094787e-03    1.3418684375e+05
    7.4868267402e-03    1.3319317188e+05
    7.5063589029e-03    1.3227203125e+05
    7.5258887373e-03    1.3141829688e+05
    7.5454111211e-03    1.3062952344e+05
    7.5649353676e-03    1.2990171094e+05
    7.5844703242e-03    1.2920918750e+05
    7.6040057465e-03    1.2856790625e+05
    7.6235276647e-03    1.2795635156e+05
    7.6430505142e-03    1.2738403906e+05
    7.6625877991e-03    1.2683983594e+05
    7.6821087860e-03    1.2633047656e+05
    7.7016241848e-03    1.2584571094e+05
    7.7211544849e-03    1.2538722656e+05
    7.7406810597e-03    1.2493033594e+05
    7.7602043748e-03    1.2448466406e+05
    7.7797495760e-03    1.2403952344e+05
    7.7992938459e-03    1.2359524219e+05
    7.8188432381e-03    1.2315633594e+05
    7.8384252265e-03    1.2272278906e+05
    7.8580006957e-03    1.2230025781e+05
    7.8775910661e-03    1.2189181250e+05
    7.8972103074e-03    1.2149435156e+05
    7.9168286175e-03    1.2111602344e+05
    7.9364804551e-03    1.2074625781e+05
    7.9561360180e-03    1.2039478906e+05
    7.9758102074e-03    1.2005627344e+05
    7.9955114052e-03    1.1973087500e+05
    8.0152126029e-03    1.1942305469e+05
    8.0349491909e-03    1.1911963281e+05
    8.0546662211e-03    1.1883246094e+05
    8.0743944272e-03    1.1855421094e+05
    8.0941170454e-03    1.1828928125e+05
    8.1138620153e-03    1.1803375781e+05
    8.1336386502e-03    1.1778947656e+05
    8.1534720957e-03    1.1755336719e+05
    8.1733558327e-03    1.1733071094e+05
    8.1932730973e-03    1.1711218750e+05
    8.2132071257e-03    1.1690964844e+05
    8.2330890000e-03    1.1671216406e+05
    8.2529615611e-03    1.1652582031e+05
    8.2727763802e-03    1.1634575000e+05
    8.2926023751e-03    1.1617971094e+05
    8.3124246448e-03    1.1602256250e+05
    8.3322748542e-03    1.1588108594e+05
    8.3521194756e-03    1.1575308594e+05
    8.3719678223e-03    1.1562874219e+05
    8.3917891607e-03    1.1551509375e+05
    8.4116021171e-03    1.1541439844e+05
    8.4314141423e-03    1.1531247656e+05
    8.4512168542e-03    1.1522012500e+05
    8.4710381925e-03    1.1512528906e+05
    8.4908353165e-03    1.1503446094e+05
    8.5106678307e-03    1.1494503906e+05
    8.5304882377e-03    1.1485260156e+05
    8.5503393784e-03    1.1475953906e+05
    8.5699046031e-03    1.1465943750e+05
    8.5892248899e-03    1.1455853125e+05
    8.6083402857e-03    1.1444715625e+05
    8.6272666231e-03    1.1433433594e+05
    8.6460309103e-03    1.1421881250e+05
    8.6646731943e-03    1.1409933594e+05
    8.6832325906e-03    1.1397714844e+05
    8.7017398328e-03    1.1385546094e+05
    8.7202098221e-03    1.1373446094e+05
    8.7386453524e-03    1.1360975000e+05
    8.7570473552e-03    1.1348389844e+05
    8.7753897533e-03    1.1335133594e+05
    8.7936492637e-03    1.1321971094e+05
    8.8118780404e-03    1.1309589844e+05
    8.8300397620e-03    1.1297407031e+05
    8.8481390849e-03    1.1285914844e+05
    8.8662039489e-03    1.1274785156e+05
    8.8842641562e-03    1.1264664844e+05
    8.9023411274e-03    1.1255336719e+05
    8.9204348624e-03    1.1246550781e+05
    8.9385388419e-03    1.1238369531e+05
    8.9566456154e-03    1.1230734375e+05
    8.9747514576e-03    1.1223753906e+05
    8.9928600937e-03    1.1217878906e+05
    9.0109808370e-03    1.1212414844e+05
    9.0291155502e-03    1.1208107031e+05
    9.0472688898e-03    1.1203764844e+05
    9.0654399246e-03    1.1199436719e+05
    9.0836230665e-03    1.1194835156e+05
    9.1018192470e-03    1.1189672656e+05
    9.1200266033e-03    1.1184139844e+05
    9.1382460669e-03    1.1177578125e+05
    9.1564757749e-03    1.1170628906e+05
    9.1747231781e-03    1.1163024219e+05
    9.1929892078e-03    1.1154322656e+05
    9.2112747952e-03    1.1145253906e+05
    9.2295790091e-03    1.1135657031e+05
    9.2479009181e-03    1.1125360156e+05
    9.2662386596e-03    1.1114952344e+05
    9.2845931649e-03    1.1104472656e+05
    9.3029672280e-03    1.1094705469e+05
    9.3213599175e-03    1.1084887500e+05
    9.3397712335e-03    1.1076016406e+05
    9.3582011759e-03    1.1067908594e+05
    9.3766497448e-03    1.1060706250e+05
    9.3951150775e-03    1.1054415625e+05
    9.4135999680e-03    1.1048630469e+05
    9.4321016222e-03    1.1044183594e+05
    9.4506228343e-03    1.1040266406e+05
    9.4691645354e-03    1.1036396094e+05
    9.4877239317e-03    1.1032953125e+05
    9.5063010231e-03    1.1029537500e+05
    9.5248948783e-03    1.1025358594e+05
    9.5435054973e-03    1.1021496875e+05
    9.5621328801e-03    1.1016628906e+05
    9.5807760954e-03    1.1012540625e+05
    9.5994332805e-03    1.1007650000e+05
    9.6181081608e-03    1.1002444531e+05
    9.6367979422e-03    1.0997166406e+05
    9.6555035561e-03    1.0991331250e+05
    9.6742231399e-03    1.0985269531e+05
    9.6929576248e-03    1.0979597656e+05
    9.7117051482e-03    1.0973878125e+05
    9.7304685041e-03    1.0968888281e+05
    9.7492448986e-03    1.0964089844e+05
    9.7680361941e-03    1.0959472656e+05
    9.7868405282e-03    1.0954968750e+05
    9.8056588322e-03    1.0950721875e+05
    9.8244920373e-03    1.0946410156e+05
    9.8433364183e-03    1.0942181250e+05
    9.8621929064e-03    1.0938088281e+05
    9.8810633644e-03    1.0933994531e+05
    9.8999459296e-03    1.0930233594e+05
    9.9188406020e-03    1.0926171094e+05
    9.9377483130e-03    1.0922000000e+05
    9.9566690624e-03    1.0917310156e+05
    9.9756028503e-03    1.0912347656e+05
    9.9945487455e-03    1.0906828906e+05
    1.0013507679e-02    1.0901185156e+05
    1.0032479651e-02    1.0895214844e+05
    1.0051463731e-02    1.0889196094e+05
    1.0070459917e-02    1.0883557031e+05
    1.0089469142e-02    1.0877099219e+05
    1.0108492337e-02    1.0871030469e+05
    1.0127528571e-02    1.0864077344e+05
    1.0146577843e-02    1.0856735156e+05
    1.0165639222e-02    1.0849616406e+05
    1.0184712708e-02    1.0842174219e+05
    1.0203798302e-02    1.0835047656e+05
    1.0222896002e-02    1.0828016406e+05
    1.0242006741e-02    1.0820459375e+05
    1.0261129588e-02    1.0813236719e+05
    1.0280264542e-02    1.0806439844e+05
    1.0299413465e-02    1.0799956250e+05
    1.0318575427e-02    1.0794050781e+05
    1.0337748565e-02    1.0787996875e+05
    1.0356934741e-02    1.0782991406e+05
    1.0376133956e-02    1.0777157031e+05
    1.0395346209e-02    1.0770138281e+05
    1.0414571501e-02    1.0763172656e+05
    1.0433809832e-02    1.0756863281e+05
    1.0453061201e-02    1.0750496094e+05
    1.0472324677e-02    1.0744241406e+05
    1.0491601191e-02    1.0737958594e+05
    1.0510892607e-02    1.0731408594e+05
    1.0530196130e-02    1.0724293750e+05
    1.0549513623e-02    1.0717521094e+05
    1.0568842292e-02    1.0711035156e+05
    1.0588183999e-02    1.0703625781e+05
    1.0607538745e-02    1.0697047656e+05
    1.0626907460e-02    1.0690496094e+05
    1.0646289214e-02    1.0683896094e+05
    1.0665684007e-02    1.0677294531e+05
    1.0685092770e-02    1.0670397656e+05
    1.0704516433e-02    1.0663828906e+05
    1.0723951273e-02    1.0657474219e+05
    1.0743400082e-02    1.0650971094e+05
    1.0762862861e-02    1.0645692969e+05
    1.0782338679e-02    1.0639928906e+05
    1.0801829398e-02    1.0634034375e+05
    1.0821334086e-02    1.0628853906e+05
    1.0840852745e-02    1.0623825781e+05
    1.0860386305e-02    1.0618175000e+05
    1.0879932903e-02    1.0612763281e+05
    1.0899493471e-02    1.0607752344e+05
    1.0919069871e-02    1.0602260156e+05
    1.0938662104e-02    1.0597124219e+05
    1.0958270170e-02    1.0591853906e+05
    1.0977892205e-02    1.0585736719e+05
    1.0997531936e-02    1.0580539844e+05
    1.1017187499e-02    1.0574535156e+05
    1.1036860757e-02    1.0568471875e+05
    1.1056551710e-02    1.0561305469e+05
    1.1076259427e-02    1.0555085156e+05
    1.1095987633e-02    1.0547231250e+05
    1.1115733534e-02    1.0539609375e+05
    1.1135498993e-02    1.0531878906e+05
    1.1155283079e-02    1.0523083594e+05
    1.1175086722e-02    1.0515271094e+05
    1.1194912717e-02    1.0506892969e+05
    1.1214758269e-02    1.0499660156e+05
    1.1234625243e-02    1.0492958594e+05
    1.1254511774e-02    1.0487532031e+05
    1.1274418794e-02    1.0483271094e+05
    1.1294347234e-02    1.0480143750e+05
    1.1314296164e-02    1.0478387500e+05
    1.1334266514e-02    1.0477359375e+05
    1.1354257353e-02    1.0476543750e+05
    1.1374268681e-02    1.0475546094e+05
    1.1394302361e-02    1.0473592969e+05
    1.1414355598e-02    1.0470237500e+05
    1.1434430256e-02    1.0465825000e+05
    1.1454525404e-02    1.0459464844e+05
    1.1474640109e-02    1.0451333594e+05
    1.1494777165e-02    1.0440991406e+05
    1.1514934711e-02    1.0428857031e+05
    1.1535113677e-02    1.0416346875e+05
    1.1555313133e-02    1.0402515625e+05
    1.1575534008e-02    1.0389286719e+05
    1.1595774442e-02    1.0376224219e+05
    1.1616035365e-02    1.0363639844e+05
    1.1636316776e-02    1.0351585156e+05
    1.1656619608e-02    1.0340749219e+05
    1.1676942930e-02    1.0329474219e+05
    1.1697287671e-02    1.0320108594e+05
    1.1717652902e-02    1.0311036719e+05
    1.1738038622e-02    1.0302175000e+05
    1.1758443899e-02    1.0293446875e+05
    1.1778870597e-02    1.0284653906e+05
    1.1799318716e-02    1.0276372656e+05
    1.1819788255e-02    1.0268514844e+05
    1.1840280145e-02    1.0262102344e+05
    1.1860790662e-02    1.0256633594e+05
    1.1881321669e-02    1.0253037500e+05
    1.1901874095e-02    1.0251116406e+05
    1.1922447011e-02    1.0249659375e+05
    1.1943042278e-02    1.0249755469e+05
    1.1963658035e-02    1.0251125781e+05
    1.1984295212e-02    1.0253002344e+05
    1.2004952878e-02    1.0255606250e+05
    1.2025631964e-02    1.0258292969e+05
    1.2046331540e-02    1.0261208594e+05
    1.2067052536e-02    1.0263525781e+05
    1.2087795883e-02    1.0265459375e+05
    1.2108558789e-02    1.0268089844e+05
    1.2129344046e-02    1.0270627344e+05
    1.2150149792e-02    1.0273858594e+05
    1.2170976959e-02    1.0276971094e+05
    1.2191825546e-02    1.0279185156e+05
    1.2212695554e-02    1.0281183594e+05
    1.2233586982e-02    1.0282628125e+05
    1.2254500762e-02    1.0284119531e+05
    1.2275436893e-02    1.0285571875e+05
    1.2296394445e-02    1.0286877344e+05
    1.2317374349e-02    1.0289285156e+05
    1.2338375673e-02    1.0291769531e+05
    1.2359398417e-02    1.0295782031e+05
    1.2380442582e-02    1.0300478906e+05
    1.2401508167e-02    1.0308360156e+05
    1.2422595173e-02    1.0319253906e+05
    1.2443703599e-02    1.0334750781e+05
    1.2464834377e-02    1.0356490625e+05
    1.2485986575e-02    1.0387178125e+05
    1.2507158332e-02    1.0428478906e+05
    1.2528351508e-02    1.0482289844e+05
    1.2549565174e-02    1.0550472656e+05
    1.2570801191e-02    1.0633347656e+05
    1.2592058629e-02    1.0729050781e+05
    1.2613337487e-02    1.0834608594e+05
    1.2634636834e-02    1.0944187500e+05
    1.2655957602e-02    1.1050124219e+05
    1.2677297927e-02    1.1145197656e+05
    1.2698660605e-02    1.1221261719e+05
    1.2720043771e-02    1.1273389844e+05
    1.2741449289e-02    1.1298738281e+05
    1.2762876227e-02    1.1298144531e+05
    1.2784325518e-02    1.1272793750e+05
    1.2805794366e-02    1.1228561719e+05
    1.2827285565e-02    1.1168866406e+05
    1.2848797254e-02    1.1099937500e+05
    1.2870330364e-02    1.1026996875e+05
    1.2891885825e-02    1.0956235156e+05
    1.2913462706e-02    1.0890933594e+05
    1.2935061008e-02    1.0835535156e+05
    1.2956679799e-02    1.0791052344e+05
    1.2978320010e-02    1.0755575000e+05
    1.2999981642e-02    1.0727071094e+05
    1.3021663763e-02    1.0701333594e+05
    1.3043368235e-02    1.0673625000e+05
    1.3065092266e-02    1.0641815625e+05
    1.3086837716e-02    1.0602791406e+05
    1.3108605519e-02    1.0557789844e+05
    1.3130392879e-02    1.0506839844e+05
    1.3152201660e-02    1.0451918750e+05
    1.3174032792e-02    1.0395090625e+05
    1.3195885345e-02    1.0339883594e+05
    1.3217759319e-02    1.0287949219e+05
    1.3239653781e-02    1.0240978125e+05
    1.3261569664e-02    1.0200028906e+05
    1.3283506967e-02    1.0166185156e+05
    1.3305463828e-02    1.0137767969e+05
    1.3327440247e-02    1.0114405469e+05
    1.3349435292e-02    1.0095269531e+05
    1.3371448033e-02    1.0079158594e+05
    1.3393475674e-02    1.0065558594e+05
    1.3415516354e-02    1.0053453125e+05
    1.3437564485e-02    1.0042653906e+05
    1.3459613547e-02    1.0033259375e+05
    1.3481658883e-02    1.0024652344e+05
    1.3503690250e-02    1.0017022656e+05
    1.3525702059e-02    1.0010969531e+05
    1.3547683135e-02    1.0006415625e+05
    1.3569628820e-02    1.0003763281e+05
    1.3591531664e-02    1.0002252344e+05
    1.3613392599e-02    1.0001794531e+05
    1.3635210693e-02    1.0002159375e+05
    1.3656994328e-02    1.0002858594e+05
    1.3678749092e-02    1.0003996094e+05
    1.3700488023e-02    1.0005621094e+05
    1.3722228818e-02    1.0006950781e+05
    1.3743981719e-02    1.0008242969e+05
    1.3765762560e-02    1.0009721875e+05
    1.3787578791e-02    1.0012013281e+05
    1.3809437864e-02    1.0016463281e+05
    1.3831341639e-02    1.0022747656e+05
    1.3853288256e-02    1.0031941406e+05
    1.3875273056e-02    1.0043666406e+05
    1.3897285797e-02    1.0056439844e+05
    1.3919321820e-02    1.0070839844e+05
    1.3941374607e-02    1.0085941406e+05
    1.3963440433e-02    1.0100764844e+05
    1.3985517435e-02    1.0113782031e+05
    1.4007603750e-02    1.0124691406e+05
    1.4029704034e-02    1.0132872656e+05
    1.4051820152e-02    1.0138550000e+05
    1.4073957689e-02    1.0142831250e+05
    1.4096121304e-02    1.0146147656e+05
    1.4118315652e-02    1.0148569531e+05
    1.4140545391e-02    1.0150906250e+05
    1.4162814245e-02    1.0153558594e+05
    1.4185124077e-02    1.0156297656e+05
    1.4207473956e-02    1.0160152344e+05
    1.4229862019e-02    1.0163160156e+05
    1.4252286404e-02    1.0165630469e+05
    1.4274741523e-02    1.0168012500e+05
    1.4297228307e-02    1.0169277344e+05
    1.4319745824e-02    1.0169603906e+05
    1.4342290349e-02    1.0168168750e+05
    1.4364863746e-02    1.0165716406e+05
    1.4387467876e-02    1.0162912500e+05
    1.4410103671e-02    1.0159550000e+05
    1.4432771131e-02    1.0155840625e+05
    1.4455472119e-02    1.0152911719e+05
    1.4478209428e-02    1.0149418750e+05
    1.4500979334e-02    1.0146743750e+05
    1.4523783699e-02    1.0144555469e+05
    1.4546621591e-02    1.0142828906e+05
    1.4569494873e-02    1.0141612500e+05
    1.4592399821e-02    1.0140483594e+05
    1.4615339227e-02    1.0139113281e+05
    1.4638305642e-02    1.0137175781e+05
    1.4661304653e-02    1.0135307031e+05
    1.4684336260e-02    1.0132775000e+05
    1.4707398601e-02    1.0129897656e+05
    1.4730494469e-02    1.0126631250e+05
    1.4753622934e-02    1.0123127344e+05
    1.4776783995e-02    1.0118710156e+05
    1.4799979515e-02    1.0114402344e+05
    1.4823205769e-02    1.0109569531e+05
    1.4846466482e-02    1.0104227344e+05
    1.4869757928e-02    1.0098330469e+05
    1.4893081971e-02    1.0092008594e+05
    1.4916437678e-02    1.0085316406e+05
    1.4939822257e-02    1.0078581250e+05
    1.4963239431e-02    1.0071828906e+05
    1.4986685477e-02    1.0065084375e+05
    1.5010161325e-02    1.0058886719e+05
    1.5033668838e-02    1.0053149219e+05
    1.5057205223e-02    1.0047578906e+05
    1.5080772340e-02    1.0042818750e+05
    1.5104367398e-02    1.0038133594e+05
    1.5127992257e-02    1.0035356250e+05
    1.5151646920e-02    1.0033403906e+05
    1.5175330453e-02    1.0031646875e+05
    1.5199041925e-02    1.0030316406e+05
    1.5222782269e-02    1.0029058594e+05
    1.5246548690e-02    1.0028499219e+05
    1.5270343982e-02    1.0027939844e+05
    1.5294168144e-02    1.0027560156e+05
    1.5318016522e-02    1.0027519531e+05
    1.5341891907e-02    1.0027091406e+05
    1.5365792438e-02    1.0027185156e+05
    1.5389721841e-02    1.0027511719e+05
    1.5413676389e-02    1.0027502344e+05
    1.5437657945e-02    1.0027549219e+05
    1.5461664647e-02    1.0027058594e+05
    1.5485695563e-02    1.0026865625e+05
    1.5509752557e-02    1.0026711719e+05
    1.5533835627e-02    1.0026721094e+05
    1.5557944775e-02    1.0026578125e+05
    1.5582079068e-02    1.0026721094e+05
    1.5606240369e-02    1.0025913281e+05
    1.5630424023e-02    1.0024603125e+05
    1.5654634684e-02    1.0022632031e+05
    1.5678871423e-02    1.0020972656e+05
    1.5703132376e-02    1.0019760156e+05
    1.5727419406e-02    1.0018889844e+05
    1.5751728788e-02    1.0017242969e+05
    1.5776060522e-02    1.0016164844e+05
    1.5800418332e-02    1.0014753125e+05
    1.5824800357e-02    1.0012944531e+05
    1.5849204734e-02    1.0011603125e+05
    1.5873633325e-02    1.0010160156e+05
    1.5898084268e-02    1.0007769531e+05
    1.5922557563e-02    1.0006021875e+05
    1.5947058797e-02    1.0004122656e+05
    1.5971582383e-02    1.0001099219e+05
    1.5996130183e-02    9.9984898438e+04
    1.6020702198e-02    9.9957031250e+04
    1.6045298427e-02    9.9918351562e+04
    1.6069920734e-02    9.9882664062e+04
    1.6094569117e-02    9.9854335938e+04
    1.6119243577e-02    9.9836585938e+04
    1.6143942252e-02    9.9813460938e+04
    1.6168667004e-02    9.9799554688e+04
    1.6193419695e-02    9.9787148438e+04
    1.6218200326e-02    9.9777820312e+04
    1.6243007034e-02    9.9769585938e+04
    1.6267839819e-02    9.9753281250e+04
    1.6292702407e-02    9.9745593750e+04
    1.6317596659e-02    9.9737914062e+04
    1.6342513263e-02    9.9742632812e+04
    1.6367461532e-02    9.9748679688e+04
    1.6392435879e-02    9.9769289062e+04
    1.6417443752e-02    9.9789250000e+04
    1.6442479566e-02    9.9822164062e+04
    1.6467543319e-02    9.9853023438e+04
    1.6492636874e-02    9.9893960938e+04
    1.6517756507e-02    9.9948820312e+04
    1.6542907804e-02    1.0000869531e+05
    1.6568088904e-02    1.0006712500e+05
    1.6593271866e-02    1.0012313281e+05
    1.6618426889e-02    1.0018268750e+05
    1.6643559560e-02    1.0023989844e+05
    1.6668669879e-02    1.0029443750e+05
    1.6693757847e-02    1.0035006250e+05
    1.6718825325e-02    1.0040374219e+05
    1.6743874177e-02    1.0045809375e+05
    1.6768900678e-02    1.0051750781e+05
    1.6793908551e-02    1.0056918750e+05
    1.6818899661e-02    1.0061715625e+05
    1.6843874007e-02    1.0067610156e+05
    1.6868829727e-02    1.0072477344e+05
    1.6893770546e-02    1.0077878125e+05
    1.6918692738e-02    1.0082734375e+05
    1.6943598166e-02    1.0087535156e+05
    1.6968490556e-02    1.0091355469e+05
    1.6993366182e-02    1.0095811719e+05
    1.7018226907e-02    1.0099266406e+05
    1.7043072730e-02    1.0102322656e+05
    1.7067901790e-02    1.0105325781e+05
    1.7092714086e-02    1.0107119531e+05
    1.7117511481e-02    1.0109710156e+05
    1.7142292112e-02    1.0111778906e+05
    1.7167057842e-02    1.0114235156e+05
    1.7191808671e-02    1.0116402344e+05
    1.7216544598e-02    1.0118940625e+05
    1.7241263762e-02    1.0121603906e+05
    1.7265968025e-02    1.0124689844e+05
    1.7290659249e-02    1.0127767969e+05
    1.7315333709e-02    1.0131990625e+05
    1.7339993268e-02    1.0135306250e+05
    1.7364639789e-02    1.0139621094e+05
    1.7389267683e-02    1.0143174219e+05
    1.7413880676e-02    1.0147211719e+05
    1.7438478768e-02    1.0151212500e+05
    1.7463061959e-02    1.0154731250e+05
    1.7487626523e-02    1.0158227344e+05
    1.7512176186e-02    1.0160903906e+05
    1.7536709085e-02    1.0162514844e+05
    1.7561223358e-02    1.0164593750e+05
    1.7585720867e-02    1.0166485156e+05
    1.7610201612e-02    1.0167203906e+05
    1.7634663731e-02    1.0168783594e+05
    1.7659107223e-02    1.0169146094e+05
    1.7683532089e-02    1.0169691406e+05
    1.7707940191e-02    1.0170042969e+05
    1.7732329667e-02    1.0170877344e+05
    1.7756698653e-02    1.0171559375e+05
    1.7781050876e-02    1.0171850781e+05
    1.7805384472e-02    1.0172125781e+05
    1.7829699442e-02    1.0172414844e+05
    1.7853999510e-02    1.0173528125e+05
    1.7878280953e-02    1.0175693750e+05
    1.7902545631e-02    1.0176596094e+05
    1.7926793545e-02    1.0178053125e+05
    1.7951028422e-02    1.0179382031e+05
    1.7975246534e-02    1.0181072656e+05
    1.7999447882e-02    1.0183527344e+05
    1.8023636192e-02    1.0186121875e+05
    1.8047811463e-02    1.0189452344e+05
    1.8071975559e-02    1.0193510156e+05
    1.8096126616e-02    1.0197621094e+05
    1.8120266497e-02    1.0202461719e+05
    1.8144397065e-02    1.0207802344e+05
    1.8168520182e-02    1.0213271094e+05
    1.8192630261e-02    1.0219571094e+05
    1.8216732889e-02    1.0226030469e+05
    1.8240824342e-02    1.0232800000e+05
    1.8264908344e-02    1.0240766406e+05
    1.8288983032e-02    1.0249249219e+05
    1.8313048407e-02    1.0259230469e+05
    1.8337102607e-02    1.0269652344e+05
    1.8361147493e-02    1.0281002344e+05
    1.8385183066e-02    1.0293125000e+05
    1.8409207463e-02    1.0305802344e+05
    1.8433224410e-02    1.0319528125e+05
    1.8457230181e-02    1.0333719531e+05
    1.8481226638e-02    1.0347383594e+05
    1.8505210057e-02    1.0359478125e+05
    1.8529184163e-02    1.0370102344e+05
    1.8553148955e-02    1.0378402344e+05
    1.8577100709e-02    1.0384310156e+05
    1.8601041287e-02    1.0385578125e+05
    1.8624972552e-02    1.0384525781e+05
    1.8648892641e-02    1.0379252344e+05
    1.8672801554e-02    1.0370219531e+05
    1.8696699291e-02    1.0357713281e+05
    1.8720587716e-02    1.0340492969e+05
    1.8744463101e-02    1.0319852344e+05
    1.8768329173e-02    1.0295580469e+05
    1.8792184070e-02    1.0268583594e+05
    1.8816027790e-02    1.0240207031e+05
    1.8839860335e-02    1.0211235156e+05
    1.8863683566e-02    1.0183164844e+05
    1.8887493759e-02    1.0157378906e+05
    1.8911294639e-02    1.0133968750e+05
    1.8935086206e-02    1.0113384375e+05
    1.8958866596e-02    1.0095930469e+05
    1.8982635811e-02    1.0082391406e+05
    1.9006397575e-02    1.0072433594e+05
    1.9030146301e-02    1.0066002344e+05
    1.9053885713e-02    1.0062678125e+05
    1.9077615812e-02    1.0061649219e+05
    1.9101334736e-02    1.0061816406e+05
    1.9125042483e-02    1.0063103906e+05
    1.9148740917e-02    1.0065406250e+05
    1.9172428176e-02    1.0069202344e+05
    1.9196104258e-02    1.0073625781e+05
    1.9219771028e-02    1.0078536719e+05
    1.9243424758e-02    1.0084063281e+05
    1.9267069176e-02    1.0089439844e+05
    1.9290700555e-02    1.0094961719e+05
    1.9314322621e-02    1.0100780469e+05
    1.9337931648e-02    1.0106916406e+05
    1.9361529499e-02    1.0112209375e+05
    1.9385114312e-02    1.0117008594e+05
    1.9408687949e-02    1.0121746875e+05
    1.9432250410e-02    1.0125735156e+05
    1.9455801696e-02    1.0130165625e+05
    1.9479339942e-02    1.0134315625e+05
    1.9502865151e-02    1.0137547656e+05
    1.9526379183e-02    1.0141453906e+05
    1.9549878314e-02    1.0145638281e+05
    1.9573366269e-02    1.0150412500e+05
    1.9596841186e-02    1.0156181250e+05
    1.9620303065e-02    1.0161941406e+05
    1.9643751904e-02    1.0168593750e+05
    1.9667187706e-02    1.0175296094e+05
    1.9690606743e-02    1.0182335156e+05
    1.9714014605e-02    1.0189247656e+05
    1.9737409428e-02    1.0196367969e+05
    1.9760791212e-02    1.0202460156e+05
    1.9784159958e-02    1.0208363281e+05
    1.9807513803e-02    1.0213705469e+05
    1.9830854610e-02    1.0218978906e+05
    1.9854182377e-02    1.0223216406e+05
    1.9877497107e-02    1.0227183594e+05
    1.9900798798e-02    1.0231027344e+05
    1.9924087450e-02    1.0234421875e+05
    1.9947361201e-02    1.0237075781e+05
    1.9970623776e-02    1.0239438281e+05
    1.9993871450e-02    1.0241538281e+05
    2.0017107949e-02    1.0243353125e+05
    2.0040329546e-02    1.0244192969e+05
    2.0063538104e-02    1.0244857031e+05
    2.0086731762e-02    1.0245900000e+05
    2.0109914243e-02    1.0246232031e+05
    2.0133081824e-02    1.0246450781e+05
    2.0156236365e-02    1.0245678906e+05
    2.0179376006e-02    1.0244411719e+05
    2.0202504471e-02    1.0243849219e+05
    2.0225618035e-02    1.0242699219e+05
    2.0248720422e-02    1.0241616406e+05
    2.0271807909e-02    1.0240490625e+05
    2.0294882357e-02    1.0238785156e+05
    2.0317947492e-02    1.0237205469e+05
    2.0340997726e-02    1.0235850781e+05
    2.0364036784e-02    1.0233477344e+05
    2.0387060940e-02    1.0231140625e+05
    2.0410073921e-02    1.0229069531e+05
    2.0433073863e-02    1.0226372656e+05
    2.0456060767e-02    1.0224150781e+05
    2.0479036495e-02    1.0221289844e+05
    2.0501999184e-02    1.0219046875e+05
    2.0524948835e-02    1.0216896094e+05
    2.0547885448e-02    1.0215499219e+05
    2.0570809022e-02    1.0213968750e+05
    2.0593719557e-02    1.0211710156e+05
    2.0616617054e-02    1.0209417969e+05
    2.0639499649e-02    1.0208150000e+05
    2.0662369207e-02    1.0206862500e+05
    2.0685223863e-02    1.0205746875e+05
    2.0708063617e-02    1.0205089844e+05
    2.0730890334e-02    1.0204161719e+05
    2.0753700286e-02    1.0203965625e+05
    2.0776495337e-02    1.0203402344e+05
    2.0799275488e-02    1.0202686719e+05
    2.0822042599e-02    1.0202935156e+05
    2.0844791085e-02    1.0203039844e+05
    2.0867524669e-02    1.0202744531e+05
    2.0890241489e-02    1.0201932031e+05
    2.0912945271e-02    1.0201107031e+05
    2.0935632288e-02    1.0201016406e+05
    2.0958306268e-02    1.0200521875e+05
    2.0980965346e-02    1.0200843750e+05
    2.1003607661e-02    1.0200502344e+05
    2.1026238799e-02    1.0199214844e+05
    2.1048855036e-02    1.0198566406e+05
    2.1071458235e-02    1.0196827344e+05
    2.1094048396e-02    1.0195972656e+05
    2.1116625518e-02    1.0195214844e+05
    2.1139191464e-02    1.0194318750e+05
    2.1161744371e-02    1.0192628906e+05
    2.1184286103e-02    1.0191399219e+05
    2.1206818521e-02    1.0189887500e+05
    2.1229337901e-02    1.0188822656e+05
    2.1251846105e-02    1.0187305469e+05
    2.1274344996e-02    1.0186263281e+05
    2.1296832711e-02    1.0185078125e+05
    2.1319312975e-02    1.0183996094e+05
    2.1341778338e-02    1.0182792969e+05
    2.1364232525e-02    1.0181591406e+05
    2.1386675537e-02    1.0180899219e+05
    2.1409107372e-02    1.0180378125e+05
    2.1431528032e-02    1.0179267969e+05
    2.1453931928e-02    1.0177600781e+05
    2.1476324648e-02    1.0175852344e+05
    2.1498700604e-02    1.0174499219e+05
    2.1521063522e-02    1.0174065625e+05
    2.1543409675e-02    1.0172794531e+05
    2.1565740928e-02    1.0172034375e+05
    2.1588053554e-02    1.0170175000e+05
    2.1610351279e-02    1.0168200781e+05
    2.1632634103e-02    1.0166260156e+05
    2.1654898301e-02    1.0164263281e+05
    2.1677147597e-02    1.0162566406e+05
    2.1699378267e-02    1.0160846875e+05
    2.1721594036e-02    1.0159315625e+05
    2.1743793041e-02    1.0156888281e+05
    2.1765975282e-02    1.0155041406e+05
    2.1788140759e-02    1.0153090625e+05
    2.1810289472e-02    1.0151139844e+05
    2.1832419559e-02    1.0148785156e+05
    2.1854531020e-02    1.0146750000e+05
    2.1876627579e-02    1.0145055469e+05
    2.1898705512e-02    1.0143719531e+05
    2.1920768544e-02    1.0142202344e+05
    2.1942811087e-02    1.0141230469e+05
    2.1964838728e-02    1.0140735156e+05
    2.1986849606e-02    1.0140246094e+05
    2.2008845583e-02    1.0140603125e+05
    2.2030822933e-02    1.0141369531e+05
    2.2052785382e-02    1.0142796094e+05
    2.2074732929e-02    1.0144107031e+05
    2.2096665576e-02    1.0145640625e+05
    2.2118583322e-02    1.0147511719e+05
    2.2140489891e-02    1.0149644531e+05
    2.2162377834e-02    1.0152783594e+05
    2.2184254602e-02    1.0155250781e+05
    2.2206118330e-02    1.0158906250e+05
    2.2227969021e-02    1.0161216406e+05
    2.2249806672e-02    1.0164135156e+05
    2.2271629423e-02    1.0167158594e+05
    2.2293440998e-02    1.0170097656e+05
    2.2315241396e-02    1.0172135156e+05
    2.2337028757e-02    1.0174672656e+05
    2.2358803079e-02    1.0177497656e+05
    2.2380566224e-02    1.0179384375e+05
    2.2402318195e-02    1.0181684375e+05
    2.2424057126e-02    1.0183563281e+05
    2.2445784882e-02    1.0185246875e+05
    2.2467501462e-02    1.0186871094e+05
    2.2489206865e-02    1.0187360156e+05
    2.2510899231e-02    1.0188628906e+05
    2.2532582283e-02    1.0189008594e+05
    2.2554252297e-02    1.0189864844e+05
    2.2575911134e-02    1.0190177344e+05
    2.2597560659e-02    1.0191009375e+05
    2.2619199008e-02    1.0190928906e+05
    2.2640828043e-02    1.0190589844e+05
    2.2662445903e-02    1.0190284375e+05
    2.2684050724e-02    1.0190127344e+05
    2.2705646232e-02    1.0189617969e+05
    2.2727232426e-02    1.0189071094e+05
    2.2748809308e-02    1.0188493750e+05
    2.2770375013e-02    1.0188046094e+05
    2.2791929543e-02    1.0187132031e+05
    2.2813472897e-02    1.0185828906e+05
    2.2835006937e-02    1.0184147656e+05
    2.2856531665e-02    1.0183032031e+05
    2.2878047079e-02    1.0181402344e+05
    2.2899549454e-02    1.0180362500e+05
    2.2921044379e-02    1.0178916406e+05
    2.2942528129e-02    1.0177263281e+05
    2.2964000702e-02    1.0175639844e+05
    2.2985465825e-02    1.0174118750e+05
    2.3006917909e-02    1.0173162500e+05
    2.3028360680e-02    1.0171646875e+05
    2.3049792275e-02    1.0170674219e+05
    2.3071214557e-02    1.0169158594e+05
    2.3092625663e-02    1.0167877344e+05
    2.3114029318e-02    1.0166634375e+05
    2.3135419935e-02    1.0165521094e+05
    2.3156799376e-02    1.0165524219e+05
    2.3178169504e-02    1.0164515625e+05
    2.3199530318e-02    1.0163596094e+05
    2.3220879957e-02    1.0162688281e+05
    2.3242218420e-02    1.0161871094e+05
    2.3263547570e-02    1.0162085156e+05
    2.3284865543e-02    1.0161396875e+05
    2.3306174204e-02    1.0161741406e+05
    2.3327469826e-02    1.0161174219e+05
    2.3348756135e-02    1.0160589844e+05
    2.3370031267e-02    1.0161081250e+05
    2.3391297087e-02    1.0160708594e+05
    2.3412553594e-02    1.0160246094e+05
    2.3433798924e-02    1.0159859375e+05
    2.3455033079e-02    1.0159949219e+05
    2.3476256058e-02    1.0159053125e+05
    2.3497469723e-02    1.0159053125e+05
    2.3518672213e-02    1.0158611719e+05
    2.3539865389e-02    1.0158216406e+05
    2.3561049253e-02    1.0157287500e+05
    2.3582221940e-02    1.0156778906e+05
    2.3603385314e-02    1.0155796094e+05
    2.3624535650e-02    1.0155717969e+05
    2.3645676672e-02    1.0155280469e+05
    2.3666808382e-02    1.0154872656e+05
    2.3687927052e-02    1.0154452344e+05
    2.3709038273e-02    1.0154039844e+05
    2.3730138317e-02    1.0153908594e+05
    2.3751227185e-02    1.0153667969e+05
    2.3772306740e-02    1.0153694531e+05
    2.3793375120e-02    1.0153327344e+05
    2.3814432323e-02    1.0152921875e+05
    2.3835480213e-02    1.0152566406e+05
    2.3856516927e-02    1.0152913281e+05
    2.3877544329e-02    1.0152864844e+05
    2.3898560554e-02    1.0153153906e+05
    2.3919565603e-02    1.0153521094e+05
    2.3940561339e-02    1.0153471094e+05
    2.3961545900e-02    1.0153496094e+05
    2.3982519284e-02    1.0153842969e+05
    2.4003483355e-02    1.0154328906e+05
    2.4024436250e-02    1.0154462500e+05
    2.4045377970e-02    1.0155000000e+05
    2.4066310376e-02    1.0155528125e+05
    2.4087233469e-02    1.0156707031e+05
    2.4108145386e-02    1.0156993750e+05
    2.4129044265e-02    1.0158258594e+05
    2.4149935693e-02    1.0159711719e+05
    2.4170814082e-02    1.0160206250e+05
    2.4191683158e-02    1.0161619531e+05
    2.4212542921e-02    1.0163184375e+05
    2.4233391508e-02    1.0164902344e+05
    2.4254228920e-02    1.0166177344e+05
    2.4275057018e-02    1.0167613281e+05
    2.4295873940e-02    1.0168903906e+05
    2.4316681549e-02    1.0170541406e+05
    2.4337477982e-02    1.0172719531e+05
    2.4358265102e-02    1.0174319531e+05
    2.4379042909e-02    1.0176030469e+05
    2.4399809539e-02    1.0177518750e+05
    2.4420566857e-02    1.0178353906e+05
    2.4441312999e-02    1.0179656250e+05
    2.4462047964e-02    1.0180730469e+05
    2.4482775480e-02    1.0182089844e+05
    2.4503491819e-02    1.0182989844e+05
    2.4524198845e-02    1.0184016406e+05
    2.4544894695e-02    1.0184389844e+05
    2.4565581232e-02    1.0184296094e+05
    2.4586258456e-02    1.0183440625e+05
    2.4606924504e-02    1.0182047656e+05
    2.4627581239e-02    1.0181046094e+05
    2.4648228660e-02    1.0179859375e+05
    2.4668866768e-02    1.0178216406e+05
    2.4689495564e-02    1.0175465625e+05
    2.4710113183e-02    1.0173228125e+05
    2.4730721489e-02    1.0170808594e+05
    2.4751318619e-02    1.0167580469e+05
    2.4771906435e-02    1.0164338281e+05
    2.4792486802e-02    1.0161602344e+05
    2.4813055992e-02    1.0158824219e+05
    2.4833614007e-02    1.0157272656e+05
    2.4854162708e-02    1.0156105469e+05
    2.4874702096e-02    1.0155391406e+05
    2.4895232171e-02    1.0154936719e+05
    2.4915752932e-02    1.0154521875e+05
    2.4936262518e-02    1.0154858594e+05
    2.4956764653e-02    1.0155261719e+05
    2.4977253750e-02    1.0156896875e+05
    2.4997735396e-02    1.0158766406e+05
    2.5018205866e-02    1.0160417969e+05
    2.5038668886e-02    1.0162443750e+05
    2.5059120730e-02    1.0164022656e+05
    2.5079563260e-02    1.0165741406e+05
    2.5099996477e-02    1.0167415625e+05
    2.5120420381e-02    1.0169000000e+05
    2.5140833110e-02    1.0170246094e+05
    2.5161236525e-02    1.0171071875e+05
    2.5181630626e-02    1.0172241406e+05
    2.5202017277e-02    1.0173312500e+05
    2.5222390890e-02    1.0174078125e+05
    2.5242757052e-02    1.0175550781e+05
    2.5263112038e-02    1.0176749219e+05
    2.5283459574e-02    1.0178478125e+05
    2.5303795934e-02    1.0180331250e+05
    2.5324124843e-02    1.0181940625e+05
    2.5344440714e-02    1.0183696875e+05
    2.5364749134e-02    1.0186371094e+05
    2.5385048240e-02    1.0188215625e+05
    2.5405339897e-02    1.0190996875e+05
    2.5425618514e-02    1.0193021875e+05
    2.5445887819e-02    1.0194843750e+05
    2.5466147810e-02    1.0196690625e+05
    2.5486400351e-02    1.0198394531e+05
    2.5506639853e-02    1.0200105469e+05
    2.5526873767e-02    1.0201472656e+05
    2.5547094643e-02    1.0202985156e+05
    2.5567308068e-02    1.0203689844e+05
    2.5587510318e-02    1.0204346094e+05
    2.5607703254e-02    1.0204333594e+05
    2.5627886876e-02    1.0204052344e+05
    2.5648061186e-02    1.0203964844e+05
    2.5668226182e-02    1.0202921875e+05
    2.5688380003e-02    1.0202391406e+05
    2.5708526373e-02    1.0201121094e+05
    2.5728661567e-02    1.0200371875e+05
    2.5748789310e-02    1.0198422656e+05
    2.5768904015e-02    1.0197240625e+05
    2.5789011270e-02    1.0195933594e+05
    2.5809109211e-02    1.0194858594e+05
    2.5829195976e-02    1.0194228906e+05
    2.5849273428e-02    1.0192896094e+05
    2.5869343430e-02    1.0191563281e+05
    2.5889402255e-02    1.0191296094e+05
    2.5909451768e-02    1.0190961719e+05
    2.5929493830e-02    1.0190053125e+05
    2.5949522853e-02    1.0189791406e+05
    2.5969544426e-02    1.0189457031e+05
    2.5989556685e-02    1.0189624219e+05
    2.6009559631e-02    1.0189727344e+05
    2.6029553264e-02    1.0189639844e+05
    2.6049537584e-02    1.0190053906e+05
    2.6069512591e-02    1.0190059375e+05
    2.6089478284e-02    1.0190571875e+05
    2.6109432802e-02    1.0190578906e+05
    2.6129379869e-02    1.0190549219e+05
    2.6149315760e-02    1.0190537500e+05
    2.6169244200e-02    1.0190384375e+05
    2.6189163327e-02    1.0190440625e+05
    2.6209073141e-02    1.0191155469e+05
    2.6228975505e-02    1.0191057031e+05
    2.6248866692e-02    1.0189961719e+05
    2.6268748567e-02    1.0189982031e+05
    2.6288621128e-02    1.0189661719e+05
    2.6308484375e-02    1.0189989844e+05
    2.6328338310e-02    1.0190078125e+05
    2.6348184794e-02    1.0190103906e+05
    2.6368021965e-02    1.0189768750e+05
    2.6387847960e-02    1.0188475781e+05
    2.6407664642e-02    1.0188287500e+05
    2.6427472010e-02    1.0187957031e+05
    2.6447271928e-02    1.0187619531e+05
    2.6467062533e-02    1.0187278906e+05
    2.6486843824e-02    1.0187743750e+05
    2.6506617665e-02    1.0187636719e+05
    2.6526380330e-02    1.0186474219e+05
    2.6546133682e-02    1.0186147656e+05
    2.6565877721e-02    1.0186169531e+05
    2.6585612446e-02    1.0186367969e+05
    2.6605339721e-02    1.0185121094e+05
    2.6625057682e-02    1.0185183594e+05
    2.6644766331e-02    1.0184735156e+05
    2.6664465666e-02    1.0185189844e+05
    2.6684155688e-02    1.0184967969e+05
    2.6703836396e-02    1.0184691406e+05
    2.6723509654e-02    1.0184531250e+05
    2.6743173599e-02    1.0184453125e+05
    2.6762828231e-02    1.0184497656e+05
    2.6782475412e-02    1.0184653125e+05
    2.6802113280e-02    1.0184593750e+05
    2.6821739972e-02    1.0184358594e+05
    2.6841359213e-02    1.0183852344e+05
    2.6860967278e-02    1.0183925000e+05
    2.6880569756e-02    1.0183874219e+05
    2.6900164783e-02    1.0184789844e+05
    2.6919748634e-02    1.0184896094e+05
    2.6939325035e-02    1.0185089844e+05
    2.6958892122e-02    1.0185603906e+05
    2.6978449896e-02    1.0186250781e+05
    2.6997998357e-02    1.0186453906e+05
    2.7017539367e-02    1.0186575000e+05
    2.7037071064e-02    1.0186847656e+05
    2.7056595311e-02    1.0187282031e+05
    2.7076110244e-02    1.0187971094e+05
    2.7095617726e-02    1.0188774219e+05
    2.7115115896e-02    1.0189108594e+05
    2.7134604752e-02    1.0189121875e+05
    2.7154086158e-02    1.0189371094e+05
    2.7173558250e-02    1.0189699219e+05
    2.7193021029e-02    1.0189957031e+05
    2.7212476358e-02    1.0190359375e+05
    2.7231922373e-02    1.0190674219e+05
    2.7251357213e-02    1.0190997656e+05
    2.7270786464e-02    1.0191558594e+05
    2.7290204540e-02    1.0191653906e+05
    2.7309613302e-02    1.0191910156e+05
    2.7329014614e-02    1.0192091406e+05
    2.7348404750e-02    1.0192796094e+05
    2.7367785573e-02    1.0192541406e+05
    2.7387158945e-02    1.0192850000e+05
    2.7406521142e-02    1.0193028906e+05
    2.7425874025e-02    1.0193262500e+05
    2.7445219457e-02    1.0193212500e+05
    2.7464553714e-02    1.0193424219e+05
    2.7483878657e-02    1.0193393750e+05
    2.7503194287e-02    1.0193907031e+05
    2.7522502467e-02    1.0193621094e+05
    2.7541799471e-02    1.0193316406e+05
    2.7561087161e-02    1.0193919531e+05
    2.7580365539e-02    1.0194078906e+05
    2.7599634603e-02    1.0194257031e+05
    2.7618894354e-02    1.0194509375e+05
    2.7638144791e-02    1.0194684375e+05
    2.7657385916e-02    1.0194518750e+05
    2.7676619589e-02    1.0194753906e+05
    2.7695843950e-02    1.0194872656e+05
    2.7715058997e-02    1.0195439844e+05
    2.7734262869e-02    1.0195171094e+05
    2.7753459290e-02    1.0195402344e+05
    2.7772648260e-02    1.0195631250e+05
    2.7791827917e-02    1.0195796875e+05
    2.7810998261e-02    1.0195896094e+05
    2.7830159292e-02    1.0196094531e+05
    2.7849311009e-02    1.0195907031e+05
    2.7868455276e-02    1.0195352344e+05
    2.7887590230e-02    1.0195392969e+05
    2.7906717733e-02    1.0195332031e+05
    2.7925835922e-02    1.0195996094e+05
    2.7944946662e-02    1.0195994531e+05
    2.7964048088e-02    1.0196685156e+05
    2.7983140200e-02    1.0195871875e+05
    2.8002224863e-02    1.0195953906e+05
    2.8021300212e-02    1.0196091406e+05
    2.8040368110e-02    1.0196062500e+05
    2.8059426695e-02    1.0197125781e+05
    2.8078475967e-02    1.0196875000e+05
    2.8097519651e-02    1.0196934375e+05
    2.8116554022e-02    1.0196447656e+05
    2.8135580942e-02    1.0197339844e+05
    2.8154598549e-02    1.0197539844e+05
    2.8173606843e-02    1.0196689844e+05
    2.8192607686e-02    1.0196635156e+05
    2.8211599216e-02    1.0196813281e+05
    2.8230583295e-02    1.0197346875e+05
    2.8249559924e-02    1.0197185156e+05
    2.8268527240e-02    1.0197160156e+05
    2.8287487105e-02    1.0197203125e+05
    2.8306435794e-02    1.0198283594e+05
    2.8325378895e-02    1.0197457031e+05
    2.8344312683e-02    1.0197477344e+05
    2.8363237157e-02    1.0197737500e+05
    2.8382156044e-02    1.0198566406e+05
    2.8401065618e-02    1.0198458594e+05
    2.8419965878e-02    1.0197714844e+05
    2.8438858688e-02    1.0197750000e+05
    2.8457742184e-02    1.0197794531e+05
    2.8476616368e-02    1.0198775000e+05
    2.8495483100e-02    1.0198841406e+05
    2.8514338657e-02    1.0197933594e+05
    2.8533160686e-02    1.0198166406e+05
    2.8551930562e-02    1.0198916406e+05
    2.8570635244e-02    1.0199327344e+05
    2.8589271009e-02    1.0199435156e+05
    2.8607837856e-02    1.0199540625e+05
    2.8626350686e-02    1.0199631250e+05
    2.8644818813e-02    1.0199371875e+05
    2.8663259000e-02    1.0199710156e+05
    2.8681686148e-02    1.0199708594e+05
    2.8700113297e-02    1.0200064844e+05
    2.8718546033e-02    1.0200200000e+05
    2.8736986220e-02    1.0200342969e+05
    2.8755431995e-02    1.0200505469e+05
    2.8773877770e-02    1.0200919531e+05
    2.8792314231e-02    1.0201736719e+05
    2.8810730204e-02    1.0201124219e+05
    2.8829116374e-02    1.0201361719e+05
    2.8847465292e-02    1.0201547656e+05
    2.8865773231e-02    1.0201746875e+05
    2.8884036466e-02    1.0202063281e+05
    2.8902258724e-02    1.0202132031e+05
    2.8920443729e-02    1.0202197656e+05
    2.8938598931e-02    1.0202369531e+05
    2.8956729919e-02    1.0202647656e+05
    2.8974846005e-02    1.0202810156e+05
    2.8992949054e-02    1.0202853906e+05
    2.9011042789e-02    1.0203122656e+05
    2.9029129073e-02    1.0203147656e+05
    2.9047204182e-02    1.0202760156e+05
    2.9065268114e-02    1.0202796875e+05
    2.9083315283e-02    1.0202527344e+05
    2.9101338238e-02    1.0202941406e+05
    2.9119335115e-02    1.0202797656e+05
    2.9137304053e-02    1.0202535156e+05
    2.9155241325e-02    1.0203082031e+05
    2.9173148796e-02    1.0203152344e+05
    2.9191024601e-02    1.0202616406e+05
    2.9208874330e-02    1.0202689844e+05
    2.9226697981e-02    1.0202627344e+05
    2.9244501144e-02    1.0201625000e+05
    2.9262285680e-02    1.0201640625e+05
    2.9280053452e-02    1.0201602344e+05
    2.9297806323e-02    1.0202014844e+05
    2.9315544292e-02    1.0202388281e+05
    2.9333265498e-02    1.0201608594e+05
    2.9350971803e-02    1.0201313281e+05
    2.9368655756e-02    1.0201236719e+05
    2.9386319220e-02    1.0201166406e+05
    2.9403960332e-02    1.0201100781e+05
    2.9421577230e-02    1.0201039844e+05
    2.9439168051e-02    1.0200974219e+05
    2.9456734657e-02    1.0200907031e+05
    2.9474277049e-02    1.0200825000e+05
    2.9491795227e-02    1.0200744531e+05
    2.9509292915e-02    1.0200675000e+05
    2.9526771978e-02    1.0200622656e+05
    2.9544232413e-02    1.0200647656e+05
    2.9561674222e-02    1.0200924219e+05
    2.9579099268e-02    1.0201049219e+05
    2.9596509412e-02    1.0201765625e+05
    2.9613900930e-02    1.0201857031e+05
    2.9631273821e-02    1.0201959375e+05
    2.9648626223e-02    1.0202121875e+05
    2.9665958136e-02    1.0202181250e+05
    2.9683271423e-02    1.0202384375e+05
    2.9700560495e-02    1.0202953906e+05
    2.9717829078e-02    1.0203115625e+05
    2.9735075310e-02    1.0203753906e+05
    2.9752301052e-02    1.0203978906e+05
    2.9769508168e-02    1.0204078906e+05
    2.9786696658e-02    1.0203908594e+05
    2.9803866521e-02    1.0204290625e+05
    2.9821017757e-02    1.0204677344e+05
    2.9838152230e-02    1.0204840625e+05
    2.9855269939e-02    1.0204250000e+05
    2.9872370884e-02    1.0205162500e+05
    2.9889453202e-02    1.0205213281e+05
    2.9906518757e-02    1.0205431250e+05
    2.9923565686e-02    1.0205539844e+05
    2.9940593988e-02    1.0205818750e+05
    2.9957601801e-02    1.0205922656e+05
    2.9974590987e-02    1.0206041406e+05
    2.9991561547e-02    1.0206222656e+05
    3.0008511618e-02    1.0206293750e+05
    3.0025444925e-02    1.0206589844e+05
    3.0042361468e-02    1.0206759375e+05
    3.0059259385e-02    1.0206808594e+05
    3.0076142401e-02    1.0206955469e+05
    3.0093006790e-02    1.0207088281e+05
    3.0109854415e-02    1.0206635156e+05
    3.0126683414e-02    1.0206147656e+05
    3.0143497512e-02    1.0206578906e+05
    3.0160292983e-02    1.0206680469e+05
    3.0177071691e-02    1.0207252344e+05
    3.0193833634e-02    1.0206772656e+05
    3.0210576952e-02    1.0206435156e+05
    3.0227303505e-02    1.0207128906e+05
    3.0244011432e-02    1.0207471094e+05
    3.0260702595e-02    1.0206885156e+05
    3.0277376994e-02    1.0206996094e+05
    3.0294034630e-02    1.0207221094e+05
    3.0310675502e-02    1.0207314844e+05
    3.0327299610e-02    1.0207514844e+05
    3.0343905091e-02    1.0207528906e+05
    3.0360495672e-02    1.0207531250e+05
    3.0377071351e-02    1.0207584375e+05
    3.0393628404e-02    1.0207566406e+05
    3.0410168692e-02    1.0206858594e+05
    3.0426690355e-02    1.0206990625e+05
    3.0443195254e-02    1.0207113281e+05
    3.0459685251e-02    1.0207107031e+05
    3.0476156622e-02    1.0206553125e+05
    3.0492611229e-02    1.0206446875e+05
    3.0509050936e-02    1.0206036719e+05
    3.0525473878e-02    1.0205937500e+05
    3.0541881919e-02    1.0205372656e+05
    3.0558273196e-02    1.0204989844e+05
    3.0574647710e-02    1.0204840625e+05
    3.0591005459e-02    1.0204675000e+05
    3.0607348308e-02    1.0204012500e+05
    3.0623674393e-02    1.0203339844e+05
    3.0639985576e-02    1.0203082031e+05
    3.0656279996e-02    1.0202796875e+05
    3.0672557652e-02    1.0202265625e+05
    3.0688818544e-02    1.0201735156e+05
    3.0705062672e-02    1.0201833594e+05
    3.0721291900e-02    1.0201496094e+05
    3.0737506226e-02    1.0201285156e+05
    3.0753703788e-02    1.0200921094e+05
    3.0769886449e-02    1.0200627344e+05
    3.0786054209e-02    1.0201216406e+05
    3.0802207068e-02    1.0201030469e+05
    3.0818343163e-02    1.0200878125e+05
    3.0834466219e-02    1.0201702344e+05
    3.0850572512e-02    1.0202132031e+05
    3.0866663903e-02    1.0202597656e+05
    3.0882738531e-02    1.0203146875e+05
    3.0898798257e-02    1.0203721094e+05
    3.0914843082e-02    1.0203890625e+05
    3.0930871144e-02    1.0204955469e+05
    3.0946886167e-02    1.0205250781e+05
    3.0962884426e-02    1.0205978906e+05
    3.0978867784e-02    1.0206596875e+05
    3.0994836241e-02    1.0206909375e+05
    3.1010789797e-02    1.0207255469e+05
    3.1026728451e-02    1.0208559375e+05
    3.1042650342e-02    1.0208977344e+05
    3.1058559194e-02    1.0209414844e+05
    3.1074455008e-02    1.0209922656e+05
    3.1090334058e-02    1.0210434375e+05
    3.1106200069e-02    1.0210836719e+05
    3.1122051179e-02    1.0211353906e+05
    3.1137887388e-02    1.0211853125e+05
    3.1153710559e-02    1.0212207031e+05
    3.1169516966e-02    1.0212110156e+05
    3.1185310334e-02    1.0212112500e+05
    3.1201090664e-02    1.0212403906e+05
    3.1216854230e-02    1.0211735156e+05
    3.1232602894e-02    1.0211838281e+05
    3.1248336658e-02    1.0212041406e+05
    3.1264055520e-02    1.0212218750e+05
    3.1279761344e-02    1.0211800000e+05
    3.1295452267e-02    1.0211615625e+05
    3.1311132014e-02    1.0211864844e+05
    3.1326796860e-02    1.0211877344e+05
    3.1342446804e-02    1.0212099219e+05
    3.1358085573e-02    1.0212075781e+05
    3.1373709440e-02    1.0211222656e+05
    3.1389318407e-02    1.0211269531e+05
    3.1404916197e-02    1.0211300781e+05
    3.1420499086e-02    1.0211321094e+05
    3.1436067075e-02    1.0211331250e+05
    3.1451620162e-02    1.0211102344e+05
    3.1467158347e-02    1.0210502344e+05
    3.1482685357e-02    1.0210284375e+05
    3.1498193741e-02    1.0210689844e+05
    3.1513694674e-02    1.0210596094e+05
    3.1529176980e-02    1.0210678906e+05
    3.1544648111e-02    1.0211134375e+05
    3.1560108066e-02    1.0211006250e+05
    3.1575553119e-02    1.0210647656e+05
    3.1590986997e-02    1.0210615625e+05
    3.1606405973e-02    1.0210114844e+05
    3.1621813774e-02    1.0210475781e+05
    3.1637206674e-02    1.0210396094e+05
    3.1652588397e-02    1.0210372656e+05
    3.1667951494e-02    1.0210014844e+05
    3.1683307141e-02    1.0209980469e+05
    3.1698647887e-02    1.0210057031e+05
    3.1713977456e-02    1.0210019531e+05
    3.1729292125e-02    1.0209968750e+05
    3.1744595617e-02    1.0209678125e+05
    3.1759884208e-02    1.0209360156e+05
    3.1775161624e-02    1.0208835156e+05
    3.1790427864e-02    1.0208702344e+05
    3.1805675477e-02    1.0208500000e+05
    3.1820915639e-02    1.0208400781e+05
    3.1836140901e-02    1.0208232031e+05
    3.1851354986e-02    1.0208003906e+05
    3.1866557896e-02    1.0207835156e+05
    3.1881745905e-02    1.0207674219e+05
    3.1896922737e-02    1.0207522656e+05
    3.1912088394e-02    1.0207385156e+05
    3.1927239150e-02    1.0207264844e+05
    3.1942378730e-02    1.0207697656e+05
    3.1957507133e-02    1.0208139844e+05
    3.1972620636e-02    1.0208100781e+05
    3.1987726688e-02    1.0208081250e+05
    3.2002814114e-02    1.0208128906e+05
    3.2017890364e-02    1.0208133594e+05
    3.2032959163e-02    1.0208140625e+05
    3.2048013061e-02    1.0208137500e+05
    3.2063052058e-02    1.0208063281e+05
    3.2078083605e-02    1.0208028906e+05
    3.2093103975e-02    1.0207727344e+05
    3.2108109444e-02    1.0207009375e+05
    3.2123107463e-02    1.0206846094e+05
    3.2138090581e-02    1.0206747656e+05
    3.2153062522e-02    1.0207078906e+05
    3.2168023288e-02    1.0207415625e+05
    3.2182972878e-02    1.0207378125e+05
    3.2197911292e-02    1.0207468750e+05
    3.2212834805e-02    1.0207453125e+05
    3.2227750868e-02    1.0207314844e+05
    3.2242652029e-02    1.0207410156e+05
    3.2257542014e-02    1.0207284375e+05
    3.2272424549e-02    1.0207341406e+05
    3.2287292182e-02    1.0208219531e+05
    3.2302148640e-02    1.0208258594e+05
    3.2316997647e-02    1.0208306250e+05
    3.2331831753e-02    1.0208292969e+05
    3.2346658409e-02    1.0208035156e+05
    3.2361470163e-02    1.0207497656e+05
    3.2376270741e-02    1.0207458594e+05
    3.2391063869e-02    1.0207417969e+05
    3.2405842096e-02    1.0207562500e+05
    3.2420612872e-02    1.0208057031e+05
    3.2435368747e-02    1.0208441406e+05
    3.2450113446e-02    1.0208131250e+05
    3.2464850694e-02    1.0207799219e+05
    3.2479573041e-02    1.0208496875e+05
    3.2494287938e-02    1.0208396094e+05
    3.2508991659e-02    1.0208517969e+05
    3.2523684204e-02    1.0207471094e+05
    3.2538365573e-02    1.0207439844e+05
    3.2553035766e-02    1.0207352344e+05
    3.2567698509e-02    1.0207385156e+05
    3.2582346350e-02    1.0207372656e+05
    3.2596986741e-02    1.0207483594e+05
    3.2611619681e-02    1.0207374219e+05
    3.2626237720e-02    1.0207389844e+05
    3.2640848309e-02    1.0207525781e+05
    3.2655447721e-02    1.0207556250e+05
    3.2670035958e-02    1.0207532031e+05
    3.2684613019e-02    1.0207617969e+05
    3.2699178904e-02    1.0207646094e+05
    3.2713737339e-02    1.0207665625e+05
    3.2728284597e-02    1.0207557031e+05
    3.2742820680e-02    1.0207602344e+05
    3.2757349312e-02    1.0207628906e+05
    3.2771866769e-02    1.0207574219e+05
    3.2786373049e-02    1.0207503906e+05
    3.2800871879e-02    1.0206844531e+05
    3.2815355808e-02    1.0206728906e+05
    3.2829832286e-02    1.0206136719e+05
    3.2844301313e-02    1.0206014844e+05
    3.2858755440e-02    1.0206353125e+05
    3.2873202115e-02    1.0206249219e+05
    3.2887637615e-02    1.0206160156e+05
    3.2902065665e-02    1.0206553125e+05
    3.2916482538e-02    1.0206546875e+05
    3.2930891961e-02    1.0206485156e+05
    3.2945290208e-02    1.0206432031e+05
    3.2959677279e-02    1.0206375000e+05
    3.2974056900e-02    1.0206150781e+05
    3.2988425344e-02    1.0205861719e+05
    3.3002786338e-02    1.0206013281e+05
    3.3017136157e-02    1.0205716406e+05
    3.3031478524e-02    1.0205060156e+05
    3.3045809716e-02    1.0205878906e+05
    3.3060129732e-02    1.0205219531e+05
    3.3074442297e-02    1.0204760156e+05
    3.3088747412e-02    1.0204661719e+05
    3.3103041351e-02    1.0204685156e+05
    3.3117324114e-02    1.0204602344e+05
    3.3131599426e-02    1.0204974219e+05
    3.3145863563e-02    1.0204460156e+05
    3.3160120249e-02    1.0204516406e+05
    3.3174365759e-02    1.0204466406e+05
    3.3188603818e-02    1.0204646875e+05
    3.3202830702e-02    1.0204378906e+05
    3.3217050135e-02    1.0204327344e+05
    3.3231258392e-02    1.0204266406e+05
    3.3245459199e-02    1.0204199219e+05
    3.3259648830e-02    1.0204119531e+05
    3.3273831010e-02    1.0204024219e+05
    3.3288005739e-02    1.0203916406e+05
    3.3302169293e-02    1.0203921094e+05
    3.3316325396e-02    1.0203808594e+05
    3.3330474049e-02    1.0203700781e+05
    3.3344611526e-02    1.0203603906e+05
    3.3358741552e-02    1.0203581250e+05
    3.3372864127e-02    1.0203522656e+05
    3.3386975527e-02    1.0203539844e+05
    3.3401079476e-02    1.0204208594e+05
    3.3415172249e-02    1.0204358594e+05
    3.3429257572e-02    1.0203481250e+05
    3.3443335444e-02    1.0203455469e+05
    3.3457405865e-02    1.0203432031e+05
    3.3471468836e-02    1.0203478906e+05
    3.3485524356e-02    1.0203400000e+05
    3.3499568701e-02    1.0203544531e+05
    3.3513605595e-02    1.0203462500e+05
    3.3527631313e-02    1.0203435156e+05
    3.3541653305e-02    1.0203410156e+05
    3.3555664122e-02    1.0203485156e+05
    3.3569667488e-02    1.0203318750e+05
    3.3583663404e-02    1.0203259375e+05
    3.3597648144e-02    1.0203186719e+05
    3.3611625433e-02    1.0202885156e+05
    3.3625595272e-02    1.0202915625e+05
    3.3639557660e-02    1.0202950000e+05
    3.3653512597e-02    1.0202867969e+05
    3.3667460084e-02    1.0202314844e+05
    3.3681396395e-02    1.0202522656e+05
    3.3695328981e-02    1.0202369531e+05
    3.3709254116e-02    1.0202043750e+05
    3.3723168075e-02    1.0201706250e+05
    3.3737078309e-02    1.0201644531e+05
    3.3750977367e-02    1.0201503906e+05
    3.3764872700e-02    1.0201321094e+05
    3.3778760582e-02    1.0201193750e+05
    3.3792637289e-02    1.0200958594e+05
    3.3806510270e-02    1.0201080469e+05
    3.3820372075e-02    1.0200966406e+05
    3.3834230155e-02    1.0200733594e+05
    3.3848077059e-02    1.0200432031e+05
    3.3861916512e-02    1.0200010156e+05
    3.3875752240e-02    1.0199867969e+05
    3.3889576793e-02    1.0199602344e+05
    3.3903393894e-02    1.0199439844e+05
    3.3917203546e-02    1.0199314844e+05
    3.3931009471e-02    1.0198725000e+05
    3.3944804221e-02    1.0198028125e+05
    3.3958595246e-02    1.0197784375e+05
    3.3972378820e-02    1.0197410156e+05
    3.3986151218e-02    1.0197149219e+05
    3.3999919891e-02    1.0196888281e+05
    3.4013681114e-02    1.0196628906e+05
    3.4027434886e-02    1.0196271094e+05
    3.4041177481e-02    1.0196483594e+05
    3.4054916352e-02    1.0196614844e+05
    3.4068647772e-02    1.0196055469e+05
    3.4082375467e-02    1.0195341406e+05
    3.4096091986e-02    1.0194959375e+05
    3.4109804779e-02    1.0194781250e+05
    3.4123510122e-02    1.0194477344e+05
    3.4137208015e-02    1.0193953125e+05
    3.4150898457e-02    1.0193769531e+05
    3.4164581448e-02    1.0192892969e+05
    3.4178260714e-02    1.0193110156e+05
    3.4191932529e-02    1.0192992969e+05
    3.4205596894e-02    1.0192758594e+05
    3.4219253808e-02    1.0192541406e+05
    3.4232903272e-02    1.0192283594e+05
    3.4246545285e-02    1.0192047656e+05
    3.4260183573e-02    1.0192285156e+05
    3.4273810685e-02    1.0192564844e+05
    3.4287434071e-02    1.0192387500e+05
    3.4301050007e-02    1.0192099219e+05
    3.4314658493e-02    1.0191915625e+05
    3.4328263253e-02    1.0191555469e+05
    3.4341860563e-02    1.0190711719e+05
    3.4355450422e-02    1.0190489844e+05
    3.4369036555e-02    1.0190271875e+05
    3.4382611513e-02    1.0190174219e+05
    3.4396182746e-02    1.0190435156e+05
    3.4409742802e-02    1.0190746875e+05
    3.4423299134e-02    1.0190615625e+05
    3.4436848015e-02    1.0190618750e+05
    3.4450393170e-02    1.0190528125e+05
    3.4463927150e-02    1.0190903125e+05
    3.4477461129e-02    1.0190850000e+05
    3.4490987659e-02    1.0191034375e+05
    3.4504506737e-02    1.0191336719e+05
    3.4518022090e-02    1.0190841406e+05
    3.4531529993e-02    1.0190559375e+05
    3.4545030445e-02    1.0190441406e+05
    3.4558523446e-02    1.0190089844e+05
    3.4572008997e-02    1.0190014844e+05
    3.4585487098e-02    1.0189941406e+05
    3.4598957747e-02    1.0189814844e+05
    3.4612424672e-02    1.0190035156e+05
    3.4625884145e-02    1.0189978906e+05
    3.4639336169e-02    1.0189752344e+05
    3.4652780741e-02    1.0189761719e+05
    3.4666225314e-02    1.0189715625e+05
    3.4679658711e-02    1.0189671094e+05
    3.4693088382e-02    1.0189627344e+05
    3.4706510603e-02    1.0189577344e+05
    3.4719929099e-02    1.0189518750e+05
    3.4733340144e-02    1.0189443750e+05
    3.4746743739e-02    1.0189347656e+05
    3.4760143608e-02    1.0189225781e+05
    3.4773536026e-02    1.0188568750e+05
    3.4786924720e-02    1.0188341406e+05
    3.4800305963e-02    1.0187700000e+05
    3.4813679755e-02    1.0187635156e+05
    3.4827046096e-02    1.0187463281e+05
    3.4840408713e-02    1.0188108594e+05
    3.4853763878e-02    1.0187968750e+05
    3.4867111593e-02    1.0187946094e+05
    3.4880455583e-02    1.0187696875e+05
    3.4893795848e-02    1.0186977344e+05
    3.4907124937e-02    1.0186460156e+05
    3.4920454025e-02    1.0186278906e+05
    3.4933775663e-02    1.0186091406e+05
    3.4947093576e-02    1.0185896094e+05
    3.4960404038e-02    1.0185697656e+05
    3.4973710775e-02    1.0185556250e+05
    3.4987010062e-02    1.0185306250e+05
endcurve
